01001000
00000000
00010100
00111110
11011011
00100000
11100000
11111011
11101100
11101100
00000000
11100011
00010100
11101100
00100000
11111011
00100101
00100000
11101100
00111110
10111000
00000000
11101100
11000010
00100101
11100000
00100000
00000101
00010100
00010100
00000000
00011101
11101100
00010100
11100000
00000101
11011011
11100000
00010100
11000010
01001000
00000000
00010100
00111110
11011011
00100000
11100000
11111011
11101100
11101100
00000000
11100011
00010100
11101100
00100000
11111011
00100101
00100000
11101100
00111110
10111000
00000000
11101100
11000010
00100101
11100000
00100000
00000101
00010100
00010100
00000000
00011101
11101100
00010100
11100000
00000101
11011011
11100000
00010100
11000010
01001000
00000000
00010100
00111110
11011011
00100000
11100000
11111011
11101100
11101100
00000000
11100011
00010100
11101100
00100000
11111011
00100101
00100000
11101100
00111110
10111000
00000000
11101100
11000010
00100101
11100000
00100000
00000101
00010100
00010100
00000000
00011101
11101100
00010100
11100000
00000101
11011011
11100000
00010100
11000010
01001000
00000000
00010100
00111110
11011011
00100000
11100000
11111011
11101100
11101100
00000000
11100011
00010100
11101100
00100000
11111011
00100101
00100000
11101100
00111110
10111000
00000000
11101100
11000010
00100101
11100000
00100000
00000101
00010100
00010100
00000000
00011101
11101100
00010100
11100000
00000101
11011011
11100000
00010100
11000010
01001000
00000000
00010100
00111110
11011011
00100000
11100000
11111011
11101100
11101100
00000000
11100011
00010100
11101100
00100000
11111011
00100101
00100000
11101100
00111110
10111000
00000000
11101100
11000010
00100101
11100000
00100000
00000101
00010100
00010100
00000000
00011101
11101100
00010100
11100000
00000101
11011011
11100000
00010100
11000010
01001000
00000000
00010100
00111110
11011011
00100000
11100000
11111011
11101100
11101100
00000000
11100011
00010100
11101100
00100000
11111011
00100101
00100000
11101100
00111110
10111000
00000000
11101100
11000010
00100101
11100000
00100000
00000101
00010100
00010100
00000000
00011101
11101100
00010100
11100000
00000101
11011011
11100000
00010100
11000010
01001000
00000000
00010100
00111110
11011011
00100000
11100000
11111011
11101100
11101100
00000000
11100011
00010100
11101100
00100000
11111011
00100101
00100000
11101100
00111110
10111000
00000000
11101100
11000010
00100101
11100000
00100000
00000101
00010100
00010100
00000000
00011101
11101100
00010100
11100000
00000101
11011011
11100000
00010100
11000010
01001000
00000000
00010100
00111110
11011011
00100000
11100000
11111011
11101100
11101100
00000000
11100011
00010100
11101100
00100000
11111011
00100101
00100000
11101100
00111110
10111000
00000000
11101100
11000010
00100101
11100000
00100000
00000101
00010100
00010100
00000000
00011101
11101100
00010100
11100000
00000101
11011011
11100000
00010100
11000010
01001000
00000000
00010100
00111110
11011011
00100000
11100000
11111011
11101100
11101100
00000000
11100011
00010100
11101100
00100000
11111011
00100101
00100000
11101100
00111110
10111000
00000000
11101100
11000010
00100101
11100000
00100000
00000101
00010100
00010100
00000000
00011101
11101100
00010100
11100000
00000101
11011011
11100000
00010100
11000010
01001000
00000000
00010100
00111110
11011011
00100000
11100000
11111011
11101100
11101100
00000000
11100011
00010100
11101100
00100000
11111011
00100101
00100000
11101100
00111110
10111000
00000000
11101100
11000010
00100101
11100000
00100000
00000101
00010100
00010100
00000000
00011101
11101100
00010100
11100000
00000101
11011011
11100000
00010100
11000010
01001000
00000000
00010100
00111110
11011011
00100000
11100000
11111011
11101100
11101100
00000000
11100011
00010100
11101100
00100000
11111011
00100101
00100000
11101100
00111110
10111000
00000000
11101100
11000010
00100101
11100000
00100000
00000101
00010100
00010100
00000000
00011101
11101100
00010100
11100000
00000101
11011011
11100000
00010100
11000010
01001000
00000000
00010100
00111110
11011011
00100000
11100000
11111011
11101100
11101100
00000000
11100011
00010100
11101100
00100000
11111011
00100101
00100000
11101100
00111110
10111000
00000000
11101100
11000010
00100101
11100000
00100000
00000101
00010100
00010100
00000000
00011101
11101100
00010100
11100000
00000101
11011011
11100000
00010100
11000010
01001000
00000000
00010100
00111110
11011011
00100000
11100000
11111011
11101100
11101100
00000000
11100011
00010100
11101100
00100000
11111011
00100101
00100000
11101100
00111110
10111000
00000000
11101100
11000010
00100101
11100000
00100000
00000101
00010100
00010100
00000000
00011101
