72
0
20
62
-37
32
-32
-5
-20
-20
0
-29
20
-20
32
-5
37
32
-20
62
-72
0
-20
-62
37
-32
32
5
20
20
0
29
-20
20
-32
5
-37
-32
20
-62
72
0
20
62
-37
32
-32
-5
-20
-20
0
-29
20
-20
32
-5
37
32
-20
62
-72
0
-20
-62
37
-32
32
5
20
20
0
29
-20
20
-32
5
-37
-32
20
-62
72
0
20
62
-37
32
-32
-5
-20
-20
0
-29
20
-20
32
-5
37
32
-20
62
-72
0
-20
-62
37
-32
32
5
20
20
0
29
-20
20
-32
5
-37
-32
20
-62
72
0
20
62
-37
32
-32
-5
-20
-20
0
-29
20
-20
32
-5
37
32
-20
62
-72
0
-20
-62
37
-32
32
5
20
20
0
29
-20
20
-32
5
-37
-32
20
-62
72
0
20
62
-37
32
-32
-5
-20
-20
0
-29
20
-20
32
-5
37
32
-20
62
-72
0
-20
-62
37
-32
32
5
20
20
0
29
-20
20
-32
5
-37
-32
20
-62
72
0
20
62
-37
32
-32
-5
-20
-20
0
-29
20
-20
32
-5
37
32
-20
62
-72
0
-20
-62
37
-32
32
5
20
20
0
29
-20
20
-32
5
-37
-32
20
-62
72
0
20
62
-37
32
-32
-5
-20
-20
0
-29
20
-20
32
-5
37
32
-20
62
-72
0
-20
-62
37
-32
32
5
20
20
0
29
-20
20
-32
5
-37
-32
20
-62
72
0
20
62
-37
32
-32
-5
-20
-20
0
-29
20
-20
32
-5
37
32
-20
62
-72
0
-20
-62
37
-32
32
5
20
20
0
29
-20
20
-32
5
-37
-32
20
-62
72
0
20
62
-37
32
-32
-5
-20
-20
0
-29
20
-20
32
-5
37
32
-20
62
-72
0
-20
-62
37
-32
32
5
20
20
0
29
-20
20
-32
5
-37
-32
20
-62
72
0
20
62
-37
32
-32
-5
-20
-20
0
-29
20
-20
32
-5
37
32
-20
62
-72
0
-20
-62
37
-32
32
5
20
20
0
29
-20
20
-32
5
-37
-32
20
-62
72
0
20
62
-37
32
-32
-5
-20
-20
0
-29
20
-20
32
-5
37
32
-20
62
-72
0
-20
-62
37
-32
32
5
20
20
0
29
-20
20
-32
5
-37
-32
20
-62
72
0
20
62
-37
32
-32
-5
-20
-20
0
-29
20
-20
32
-5
37
32
-20
62
-72
0
-20
-62
37
-32
32
5
20
20
0
29
-20
20
-32
5
-37
-32
20
-62
72
0
20
62
-37
32
-32
-5
-20
-20
0
-29
20
-20
32
-5
37
32
-20
62
-72
0
-20
-62
37
-32
32
5
20
20
0
29
