         -6           1
         -4           2
         -5           3
         -2           4
         -5           5
         -1           6
         -5           7
         -1           8
         -5           9
         -1          10
         -4          11
          0          12
         -4          13
          0          14
         -5          15
          0          16
         -3          17
          0          18
         -4          19
          0          20
         -3          21
          0          22
         -4          23
          1          24
         -3          25
          2          26
         -5          27
          2          28
         -3          29
          2          30
         -4          31
          2          32
         -3          33
          3          34
         -3          35
          3          36
         -3          37
          3          38
         -5          39
          4          40
         -5          41
          6          42
         -5          43
          6          44
         -5          45
          9          46
         -7          47
         12          48
         -8          49
         22          50
        -21          51
         59          52
         27          53
        -91          54
          6          55
        -27          56
          3          57
        -15          58
          1          59
        -12          60
          1          61
         -8          62
          0          63
         -7          64
          1          65
         -6          66
          0          67
         -6          68
          1          69
         -5          70
         -1          71
         -6          72
          0          73
         -4          74
          0          75
         -4          76
         -1          77
         -4          78
         -1          79
         -3          80
         -1          81
         -4          82
          1          83
         -4          84
         -1          85
         -3          86
         -1          87
         -3          88
         -1          89
         -3          90
         -1          91
         -2          92
         -1          93
         -2          94
         -1          95
         -2          96
         -1          97
         -3          98
         -1          99
         -2         100
          0         101
         -1         102
         -1         103
         -2         104
          0         105
         -1         106
         -1         107
         -2         108
         -1         109
         -2         110
         -1         111
         -2         112
          0         113
         -1         114
          0         115
          0         116
          0         117
         -1         118
         -1         119
         -2         120
          0         121
         -1         122
          0         123
         -1         124
          0         125
         -2         126
          0         127
         -2         128
          0         129
         -2         130
          0         131
         -1         132
          0         133
         -2         134
          0         135
         -1         136
          0         137
         -2         138
         -1         139
         -1         140
         -1         141
         -2         142
         -1         143
         -2         144
          1         145
         -2         146
          0         147
         -1         148
          1         149
         -1         150
          1         151
         -1         152
          1         153
         -2         154
          0         155
         -1         156
          0         157
         -1         158
         -1         159
         -2         160
         -1         161
         -1         162
          0         163
         -1         164
          0         165
         -1         166
         -1         167
         -1         168
         -1         169
         -1         170
         -1         171
         -1         172
          1         173
         -1         174
         -1         175
         -2         176
          0         177
         -1         178
          1         179
         -1         180
          1         181
         -1         182
         -1         183
         -1         184
          1         185
         -1         186
          0         187
         -1         188
          1         189
         -1         190
         -1         191
         -1         192
          0         193
         -1         194
          0         195
         -1         196
          1         197
         -2         198
         -1         199
         -1         200
          0         201
         -2         202
          0         203
         -2         204
         -1         205
         -1         206
          0         207
          0         208
          1         209
         -1         210
          1         211
         -1         212
          0         213
         -2         214
         -1         215
         -1         216
          0         217
         -1         218
          0         219
          0         220
         -1         221
         -1         222
          0         223
          0         224
          0         225
         -1         226
         -1         227
         -1         228
          0         229
          0         230
         -1         231
          0         232
          0         233
          0         234
          0         235
          0         236
         -1         237
          0         238
          0         239
          0         240
          0         241
         -1         242
          0         243
          0         244
          0         245
          0         246
          0         247
          0         248
          1         249
          0         250
          1         251
          0         252
          0         253
          0         254
         -1         255
         -1         256
          0         257
          0         258
          1         259
          0         260
          1         261
         -1         262
          1         263
          1         264
          1         265
          1         266
          0         267
          0         268
          0         269
          0         270
          1         271
          0         272
          1         273
          0         274
          2         275
          0         276
          1         277
          0         278
          2         279
         -1         280
          1         281
          0         282
          1         283
          0         284
          1         285
          0         286
          0         287
          0         288
          1         289
          1         290
          1         291
          1         292
          1         293
          1         294
          1         295
          0         296
          1         297
          0         298
          1         299
          0         300
          1         301
          1         302
          1         303
          0         304
          0         305
          0         306
          1         307
          1         308
          3         309
         -1         310
          0         311
         -1         312
          1         313
         -1         314
          1         315
          0         316
          1         317
          0         318
          0         319
          1         320
          1         321
          0         322
          2         323
          0         324
          1         325
         -1         326
          1         327
          0         328
          0         329
          0         330
          0         331
          0         332
          1         333
          0         334
          1         335
         -1         336
          1         337
          0         338
          1         339
          0         340
          1         341
         -1         342
          1         343
         -1         344
          1         345
         -1         346
          1         347
          0         348
          1         349
          0         350
          1         351
          0         352
          1         353
          1         354
          1         355
          0         356
          0         357
         -1         358
          1         359
          0         360
          0         361
         -1         362
          1         363
          0         364
          1         365
          0         366
          1         367
          0         368
          0         369
         -1         370
          0         371
          0         372
          0         373
         -1         374
          1         375
          0         376
          0         377
         -1         378
          0         379
         -1         380
          0         381
          0         382
          0         383
          0         384
          0         385
          0         386
          2         387
          1         388
          2         389
          0         390
          0         391
          1         392
          0         393
          2         394
          1         395
          1         396
          1         397
          0         398
          1         399
          0         400
          1         401
          0         402
          2         403
          1         404
          1         405
          1         406
          1         407
          1         408
          1         409
          2         410
          0         411
          1         412
          2         413
          1         414
          1         415
          0         416
          1         417
          1         418
          2         419
          1         420
          2         421
          1         422
          1         423
          1         424
          1         425
          1         426
          1         427
          1         428
          1         429
          1         430
          1         431
          0         432
          0         433
          1         434
          1         435
          1         436
          1         437
          1         438
          1         439
          1         440
          1         441
          1         442
          0         443
          1         444
          1         445
          1         446
          1         447
          1         448
          0         449
          1         450
          0         451
          1         452
          1         453
          2         454
          1         455
          1         456
          0         457
          2         458
          0         459
          2         460
          1         461
          1         462
          2         463
          2         464
          1         465
          1         466
          1         467
          1         468
          0         469
          2         470
          1         471
          1         472
          2         473
          1         474
          2         475
          2         476
          1         477
          1         478
          2         479
          2         480
          0         481
          1         482
          1         483
          3         484
          0         485
          2         486
          1         487
          2         488
          0         489
          2         490
          2         491
          2         492
          1         493
          2         494
          2         495
          2         496
          0         497
          1         498
          0         499
          2         500
          0         501
          2         502
          2         503
          2         504
          1         505
          2         506
          1         507
          2         508
          0         509
          2         510
          1         511
          2         512