         -4           1
         -3           2
         -4           3
         -2           4
         -4           5
         -2           6
         -3           7
          0           8
         -3           9
          0          10
         -4          11
         -1          12
         -3          13
          0          14
         -3          15
          0          16
         -1          17
          0          18
         -2          19
          0          20
         -2          21
          0          22
         -2          23
          1          24
         -2          25
          0          26
         -3          27
          0          28
         -2          29
          0          30
         -3          31
          1          32
         -2          33
          2          34
         -2          35
          2          36
         -2          37
          2          38
         -3          39
          2          40
         -3          41
          2          42
         -4          43
          2          44
         -4          45
          4          46
         -3          47
          6          48
         -5          49
         10          50
        -11          51
         29          52
         14          53
        -45          54
          2          55
        -14          56
          0          57
         -8          58
          1          59
         -6          60
          1          61
         -4          62
         -1          63
         -4          64
          0          65
         -2          66
          0          67
         -4          68
          0          69
         -3          70
         -1          71
         -2          72
         -1          73
         -2          74
         -1          75
         -2          76
         -1          77
         -2          78
         -1          79
         -2          80
         -1          81
         -2          82
          0          83
         -2          84
         -1          85
         -2          86
         -2          87
         -2          88
          0          89
         -1          90
         -1          91
         -1          92
         -1          93
         -1          94
         -1          95
         -1          96
          0          97
          0          98
         -1          99
          0         100
         -1         101
          0         102
         -1         103
          0         104
         -1         105
         -1         106
         -1         107
          0         108
         -1         109
          0         110
         -1         111
          0         112
          0         113
          0         114
          0         115
          0         116
         -1         117
          0         118
         -2         119
          0         120
          0         121
          0         122
         -1         123
         -1         124
         -1         125
          0         126
         -1         127
          0         128
         -1         129
         -1         130
         -1         131
         -2         132
         -2         133
         -1         134
         -1         135
          0         136
         -1         137
          0         138
         -2         139
          0         140
         -1         141
          0         142
         -1         143
          0         144
          0         145
          0         146
          0         147
          0         148
         -1         149
         -1         150
         -1         151
          0         152
         -1         153
          0         154
         -2         155
          0         156
          0         157
          0         158
         -2         159
          0         160
         -1         161
          1         162
         -1         163
          1         164
         -1         165
          1         166
         -1         167
          2         168
         -2         169
          2         170
         -2         171
          2         172
         -2         173
          4         174
         -3         175
          6         176
         -4         177
         10         178
        -10         179
         29         180
         15         181
        -46         182
          3         183
        -14         184
          1         185
         -9         186
          1         187
         -7         188
          1         189
         -5         190
          0         191
         -4         192
          0         193
         -3         194
          1         195
         -5         196
          0         197
         -4         198
         -1         199
         -4         200
          0         201
         -3         202
          0         203
         -3         204
          0         205
         -3         206
         -1         207
         -2         208
          0         209
         -3         210
          1         211
         -3         212
         -1         213
         -3         214
          0         215
         -3         216
          0         217
         -2         218
         -1         219
         -1         220
         -1         221
         -3         222
         -1         223
         -2         224
          0         225
         -1         226
         -1         227
         -1         228
          0         229
         -2         230
         -1         231
         -2         232
          0         233
         -2         234
         -1         235
         -1         236
         -1         237
         -1         238
         -1         239
         -1         240
          0         241
         -1         242
          0         243
         -1         244
         -1         245
         -2         246
         -1         247
         -2         248
          0         249
         -1         250
          0         251
         -2         252
          0         253
         -1         254
         -1         255
         -2         256
          2         257
          1         258
          2         259
          0         260
          2         261
          0         262
          1         263
          0         264
          1         265
          0         266
          2         267
          1         268
          1         269
          0         270
          1         271
          0         272
          1         273
          0         274
          2         275
          0         276
          2         277
          0         278
          2         279
         -1         280
          2         281
          0         282
          1         283
          0         284
          2         285
          0         286
          1         287
         -1         288
          2         289
          0         290
          2         291
          0         292
          2         293
          0         294
          1         295
          0         296
          1         297
          0         298
          2         299
          0         300
          2         301
          0         302
          1         303
          0         304
          1         305
          0         306
          1         307
          1         308
          2         309
         -1         310
          2         311
          0         312
          2         313
          0         314
          1         315
          0         316
          1         317
          0         318
          1         319
          0         320
          0         321
          0         322
          2         323
          0         324
          2         325
          1         326
          1         327
          0         328
          1         329
          0         330
          1         331
          0         332
          1         333
          0         334
          1         335
          0         336
          1         337
          0         338
          2         339
          0         340
          1         341
          0         342
          2         343
          0         344
          0         345
         -1         346
          1         347
          1         348
          1         349
         -1         350
          1         351
          1         352
          0         353
          0         354
          1         355
          0         356
          1         357
          0         358
          1         359
          0         360
          1         361
          1         362
          1         363
          0         364
          1         365
          0         366
          1         367
          0         368
          0         369
          0         370
          0         371
          0         372
          1         373
          0         374
          2         375
          0         376
          0         377
          0         378
          1         379
          1         380
          1         381
          0         382
          1         383
          0         384
         -1         385
         -1         386
         -1         387
          0         388
          0         389
         -1         390
         -1         391
          0         392
         -1         393
          0         394
          0         395
          0         396
         -1         397
          0         398
         -1         399
          0         400
          0         401
          0         402
          0         403
          0         404
          1         405
          1         406
          1         407
          0         408
          1         409
          0         410
          0         411
          0         412
          0         413
          0         414
          0         415
          0         416
          1         417
          1         418
          1         419
          1         420
          1         421
          1         422
         -1         423
          0         424
          0         425
          0         426
          0         427
          0         428
          0         429
          0         430
          1         431
          0         432
          0         433
          0         434
          0         435
          1         436
          1         437
          0         438
          1         439
          0         440
          1         441
          1         442
          1         443
          1         444
          1         445
          1         446
          0         447
          0         448
          0         449
          1         450
          1         451
          1         452
          2         453
          2         454
          1         455
          2         456
          0         457
          1         458
          0         459
          1         460
          0         461
          1         462
          1         463
          0         464
          0         465
          1         466
          1         467
          1         468
          1         469
          1         470
          0         471
          1         472
          0         473
          0         474
          1         475
          1         476
          1         477
          1         478
          1         479
          2         480
          0         481
          1         482
          1         483
          1         484
          0         485
          2         486
          1         487
          2         488
          0         489
          2         490
          1         491
          1         492
          1         493
          1         494
          1         495
          1         496
          0         497
          1         498
          0         499
          1         500
          1         501
          2         502
          1         503
          2         504
          0         505
          1         506
          0         507
          2         508
          0         509
          1         510
          1         511
          2         512