         -5           1
         -5           2
         -6           3
         -3           4
         -5           5
         -2           6
         -5           7
         -2           8
         -4           9
         -2          10
         -4          11
         -2          12
         -5          13
         -2          14
         -3          15
         -1          16
         -3          17
         -2          18
         -3          19
         -2          20
         -3          21
         -1          22
         -3          23
         -2          24
         -2          25
         -1          26
         -3          27
          0          28
         -3          29
         -1          30
         -3          31
         -1          32
         -2          33
          0          34
         -2          35
         -1          36
         -2          37
         -1          38
         -1          39
         -1          40
         -2          41
         -1          42
         -2          43
         -1          44
         -3          45
          0          46
         -3          47
          0          48
         -2          49
          0          50
         -2          51
          0          52
         -2          53
          0          54
         -2          55
          0          56
         -2          57
          1          58
         -3          59
          0          60
         -3          61
          0          62
         -3          63
          1          64
          0          65
          0          66
          0          67
          1          68
          0          69
          2          70
         -1          71
          2          72
          1          73
          4          74
          1          75
          6          76
          8          77
         28          78
         -9          79
        -20          80
         -4          81
         -8          82
         -4          83
         -6          84
         -3          85
         -4          86
         -3          87
         -4          88
         -2          89
         -3          90
         -3          91
         -2          92
         -2          93
         -2          94
         -2          95
         -2          96
         -2          97
         -2          98
         -2          99
         -2         100
         -2         101
         -1         102
         -1         103
         -2         104
         -2         105
         -2         106
         -2         107
         -2         108
         -1         109
         -2         110
         -1         111
         -2         112
         -1         113
         -1         114
         -2         115
         -2         116
         -2         117
         -2         118
         -2         119
         -2         120
         -2         121
          0         122
         -2         123
         -1         124
         -2         125
         -2         126
         -2         127
         -2         128
         19         129
          0         130
         -1         131
         -2         132
          0         133
          0         134
         -1         135
         -1         136
         -1         137
          0         138
         -1         139
         -1         140
          0         141
         -1         142
         -1         143
         -1         144
         -1         145
         -2         146
         -1         147
         -1         148
         -1         149
         -1         150
         -1         151
         -2         152
          0         153
         -1         154
         -1         155
         -1         156
         -1         157
         -2         158
         -1         159
         -2         160
         -1         161
         -1         162
         -1         163
         -2         164
          0         165
         -1         166
          0         167
          0         168
          0         169
         -1         170
         -1         171
          0         172
         -1         173
          0         174
         -1         175
          0         176
         -1         177
          1         178
         -3         179
          3         180
          1         181
         -7         182
          0         183
         -2         184
         -1         185
         -3         186
         -1         187
         -2         188
         -1         189
         -2         190
         -1         191
         -2         192
          0         193
         -2         194
         -1         195
         -1         196
          0         197
          0         198
         -1         199
         -1         200
         -1         201
         -1         202
          0         203
         -1         204
          0         205
         -1         206
         -1         207
         -1         208
          0         209
         -1         210
          0         211
         -1         212
          0         213
         -2         214
          0         215
         -1         216
         -1         217
         -2         218
         -1         219
         -1         220
         -1         221
         -1         222
         -1         223
         -1         224
          0         225
         -1         226
          0         227
         -1         228
         -1         229
         -1         230
          1         231
         -1         232
          0         233
         -1         234
          0         235
         -1         236
          1         237
         -1         238
          0         239
         -1         240
         -1         241
         -1         242
          0         243
          0         244
          0         245
          0         246
         -1         247
         -1         248
         -1         249
         -2         250
         -1         251
         -1         252
          0         253
          0         254
          0         255
          0         256
         -1         257
          1         258
          0         259
         -1         260
          1         261
          0         262
          1         263
          0         264
          0         265
          0         266
          0         267
          0         268
          1         269
          0         270
          1         271
          1         272
          1         273
          0         274
          1         275
          0         276
          1         277
         -1         278
          1         279
          0         280
          0         281
         -1         282
          1         283
          0         284
          1         285
         -1         286
          1         287
         -1         288
          0         289
          0         290
          2         291
         -1         292
          0         293
         -1         294
          1         295
         -1         296
          0         297
         -1         298
          0         299
         -1         300
          1         301
          0         302
          1         303
          0         304
          0         305
          0         306
          0         307
          0         308
          0         309
          0         310
          0         311
          0         312
          0         313
         -1         314
          1         315
          0         316
          1         317
          0         318
          1         319
         -1         320
          0         321
          0         322
          0         323
         -1         324
          0         325
          0         326
          1         327
          0         328
          1         329
          0         330
          1         331
          0         332
          0         333
          0         334
          1         335
          0         336
          0         337
          0         338
          0         339
          0         340
          1         341
          0         342
          1         343
          0         344
          0         345
         -1         346
          1         347
          0         348
          0         349
          0         350
          0         351
          0         352
          0         353
          0         354
          0         355
          0         356
          0         357
         -1         358
          1         359
          0         360
          0         361
          0         362
          0         363
          0         364
          1         365
          0         366
          1         367
          0         368
          1         369
         -1         370
          0         371
          0         372
          0         373
          0         374
          0         375
          0         376
          2         377
          0         378
          0         379
         -1         380
          0         381
          0         382
          0         383
          0         384
          1         385
          0         386
          1         387
          0         388
          0         389
          0         390
          1         391
          1         392
          1         393
          0         394
          1         395
          1         396
          0         397
          1         398
          1         399
          1         400
          1         401
          0         402
          1         403
         -1         404
          1         405
          1         406
          1         407
          0         408
          0         409
         -1         410
          1         411
          1         412
          1         413
          0         414
          1         415
          0         416
          1         417
          1         418
          1         419
          0         420
          0         421
         -1         422
          0         423
          0         424
          0         425
         -1         426
         -1         427
          0         428
          1         429
          0         430
          1         431
          0         432
          1         433
          1         434
          1         435
          1         436
          1         437
         -1         438
          0         439
          0         440
          1         441
          1         442
          1         443
          0         444
          1         445
          0         446
          1         447
          0         448
          0         449
          0         450
          1         451
          1         452
          0         453
          0         454
          1         455
          1         456
          1         457
          1         458
          2         459
          1         460
          0         461
          1         462
          1         463
          1         464
          0         465
          1         466
          0         467
          1         468
          0         469
          2         470
          2         471
          1         472
          1         473
          0         474
          1         475
          1         476
          1         477
          1         478
          1         479
          1         480
          0         481
          1         482
          0         483
          1         484
          1         485
          1         486
          1         487
          1         488
          0         489
          1         490
          0         491
          1         492
          1         493
          1         494
          2         495
          1         496
          1         497
          1         498
          0         499
          2         500
          0         501
          2         502
          1         503
          1         504
          1         505
          2         506
          1         507
          3         508
          0         509
          2         510
          0         511
          3         512