         -6           1
         -5           2
         -5           3
         -4           4
         -4           5
         -3           6
         -4           7
         -2           8
         -3           9
         -2          10
         -4          11
         -3          12
         -4          13
         -2          14
         -4          15
         -2          16
         -2          17
         -2          18
         -3          19
         -2          20
         -3          21
         -2          22
         -3          23
         -2          24
         -3          25
         -2          26
         -3          27
         -2          28
         -3          29
         -2          30
         -3          31
         -2          32
         -1          33
         -2          34
         -2          35
         -2          36
         -1          37
         -2          38
         -2          39
         -1          40
         -2          41
         -1          42
         -2          43
         -1          44
         -2          45
         -2          46
         -2          47
         -1          48
         -2          49
         -1          50
         -2          51
         -1          52
         -1          53
         -1          54
         -2          55
         -1          56
         -2          57
         -1          58
         -1          59
         -2          60
         -2          61
         -1          62
         -2          63
         -1          64
          0          65
          0          66
          0          67
         -1          68
          0          69
         -1          70
         -1          71
         -1          72
          1          73
          0          74
          0          75
         -1          76
          0          77
         -1          78
          0          79
          0          80
          1          81
          0          82
          0          83
          0          84
          0          85
          0          86
          0          87
          0          88
          1          89
          1          90
          1          91
          1          92
          2          93
          1          94
          2          95
          3          96
          4          97
          3          98
          7          99
          5         100
         13         101
         10         102
         93         103
         67         104
        -24         105
        -18         106
        -12         107
         -8         108
         -8         109
         -5         110
         -7         111
         -4         112
         -5         113
         -3         114
         -4         115
         -3         116
         -4         117
         -3         118
         -3         119
         -3         120
         -3         121
         -3         122
         -3         123
         -2         124
         -2         125
         -3         126
         -2         127
         -3         128
         -2         129
         -2         130
         -1         131
         -2         132
         -2         133
         -2         134
         -3         135
         -2         136
         -1         137
         -2         138
         -1         139
         -2         140
         -2         141
         -2         142
         -2         143
         -2         144
         -2         145
         -2         146
         -1         147
         -2         148
         -1         149
         -1         150
         -1         151
         -2         152
         -1         153
         -1         154
         -1         155
         -1         156
         -1         157
         -1         158
         -1         159
         -1         160
         -1         161
         -2         162
         -1         163
         -2         164
         -1         165
         -2         166
         -1         167
         -2         168
         -1         169
         -2         170
         -1         171
         -2         172
         -1         173
         -2         174
         -2         175
         -2         176
         -1         177
         -2         178
         -1         179
         -2         180
         -1         181
         -2         182
         -1         183
         -2         184
         -1         185
         -2         186
         -1         187
         -2         188
         -1         189
         -2         190
         -1         191
         -2         192
          0         193
          0         194
         -1         195
          0         196
          0         197
          0         198
         -1         199
         -1         200
         -1         201
         -1         202
         -1         203
         -2         204
         -1         205
         -2         206
          0         207
         -1         208
         -1         209
         -1         210
         -1         211
         -1         212
         -1         213
         -1         214
         -1         215
         -1         216
         -1         217
         -1         218
         -1         219
         -1         220
         -1         221
         -1         222
         -1         223
         -1         224
          0         225
          0         226
         -1         227
         -1         228
          0         229
         -1         230
         -1         231
         -1         232
         -1         233
         -1         234
         -1         235
         -1         236
         -1         237
         -1         238
         -1         239
         -1         240
         -1         241
         -1         242
          0         243
         -2         244
         -1         245
         -2         246
          0         247
         -1         248
          0         249
         -1         250
          0         251
         -1         252
          0         253
         -2         254
          0         255
         -2         256
          0         257
         -1         258
          1         259
          0         260
          0         261
         -1         262
          0         263
          0         264
          1         265
          0         266
          0         267
         -1         268
          0         269
          0         270
          0         271
          0         272
          0         273
          0         274
          1         275
          0         276
          1         277
          0         278
          1         279
          0         280
          1         281
          0         282
          1         283
          0         284
          1         285
          0         286
          1         287
          0         288
          1         289
          0         290
          2         291
          0         292
          1         293
          0         294
          0         295
         -1         296
          0         297
         -1         298
          0         299
         -1         300
          0         301
          0         302
          0         303
         -1         304
          0         305
         -1         306
          0         307
         -1         308
          1         309
         -1         310
          0         311
         -1         312
          0         313
         -1         314
          1         315
          0         316
          0         317
         -1         318
          0         319
         -1         320
          0         321
          0         322
          0         323
         -1         324
          0         325
         -1         326
          1         327
         -1         328
          1         329
          0         330
          0         331
         -1         332
          0         333
         -1         334
          0         335
          0         336
          1         337
          0         338
          0         339
          0         340
          0         341
          0         342
          0         343
          0         344
          1         345
         -1         346
          1         347
         -1         348
          0         349
         -1         350
          0         351
         -1         352
          0         353
         -1         354
          1         355
         -1         356
          1         357
          0         358
          1         359
         -1         360
          0         361
          0         362
          0         363
          0         364
          0         365
         -1         366
          1         367
          0         368
          1         369
         -1         370
          0         371
         -1         372
          0         373
         -1         374
          1         375
         -1         376
          1         377
         -1         378
          1         379
          0         380
          0         381
         -1         382
          0         383
         -1         384
          0         385
          0         386
          1         387
          0         388
          2         389
          0         390
          1         391
          0         392
          1         393
          0         394
          1         395
          0         396
          0         397
          0         398
          0         399
          0         400
          0         401
          0         402
          1         403
          0         404
          1         405
          1         406
          1         407
          0         408
          1         409
         -1         410
          1         411
          1         412
          1         413
          1         414
          1         415
         -1         416
          1         417
          0         418
          1         419
          0         420
          1         421
          0         422
          1         423
          0         424
          1         425
          0         426
          1         427
          0         428
          1         429
          0         430
          0         431
          0         432
          1         433
          0         434
          1         435
          0         436
          1         437
          0         438
          1         439
          0         440
          1         441
          0         442
          1         443
          0         444
          1         445
          0         446
          1         447
          0         448
          0         449
          0         450
          1         451
          0         452
          0         453
          0         454
          1         455
          1         456
          1         457
          1         458
          1         459
          0         460
          1         461
          0         462
          0         463
          1         464
          1         465
          1         466
          1         467
          1         468
          1         469
          1         470
          1         471
          1         472
          1         473
          1         474
          1         475
          1         476
          1         477
          1         478
          1         479
          1         480
          0         481
          0         482
          1         483
          1         484
          0         485
          1         486
          1         487
          1         488
          1         489
          1         490
          1         491
          1         492
          1         493
          1         494
          1         495
          1         496
          1         497
          1         498
          2         499
          2         500
          1         501
          2         502
          2         503
          1         504
          2         505
          1         506
          2         507
          1         508
          2         509
          2         510
          2         511
          3         512