         -5           1
         -6           2
         -6           3
         -4           4
         -5           5
         -3           6
         -5           7
         -2           8
         -4           9
         -2          10
         -5          11
         -2          12
         -5          13
         -2          14
         -5          15
         -2          16
         -3          17
         -2          18
         -3          19
         -2          20
         -4          21
         -2          22
         -3          23
         -2          24
         -4          25
         -2          26
         -4          27
         -2          28
         -3          29
          0          30
         -4          31
         -2          32
         -2          33
         -2          34
         -3          35
         -2          36
         -2          37
         -2          38
         -2          39
         -2          40
         -1          41
         -2          42
         -3          43
          0          44
         -3          45
         -1          46
         -3          47
         -1          48
         -2          49
         -2          50
         -3          51
         -1          52
         -3          53
          0          54
         -2          55
         -1          56
         -2          57
         -1          58
         -2          59
         -1          60
         -3          61
          0          62
         -3          63
         -2          64
         -2          65
         -1          66
         -2          67
         -1          68
         -2          69
          0          70
         -2          71
          0          72
         -2          73
          0          74
         -3          75
         -1          76
         -1          77
         -1          78
         -2          79
          0          80
         -2          81
         -1          82
         -2          83
         -1          84
         -3          85
         -1          86
         -2          87
          0          88
         -2          89
         -1          90
         -2          91
         -1          92
         -2          93
         -1          94
         -3          95
         -1          96
         -2          97
          0          98
         -2          99
          0         100
         -2         101
         -1         102
         -2         103
         -1         104
         -2         105
         -1         106
         -2         107
          0         108
         -1         109
         -1         110
         -2         111
          0         112
         -2         113
         -1         114
         -3         115
         -1         116
         -2         117
          0         118
         -2         119
         -1         120
         -2         121
          0         122
         -3         123
         -1         124
         -2         125
          0         126
         -3         127
         -1         128
         60         129
          0         130
         -2         131
          0         132
         -1         133
          0         134
         -1         135
          0         136
         -2         137
          0         138
         -1         139
          0         140
         -2         141
          1         142
         -2         143
          0         144
         -3         145
          0         146
         -3         147
          0         148
         -5         149
          2         150
         -6         151
          2         152
        -12         153
          7         154
         47         155
        -35         156
          7         157
         -6         158
          3         159
         -4         160
          2         161
         -4         162
          1         163
         -3         164
          1         165
         -2         166
          1         167
         -2         168
          1         169
         -2         170
          1         171
         -2         172
          1         173
         -2         174
         -1         175
         -2         176
          0         177
         -2         178
          1         179
         -2         180
          1         181
         -2         182
         -1         183
         -2         184
          1         185
         -1         186
          0         187
         -2         188
          1         189
         -1         190
         -1         191
         -1         192
          0         193
         -1         194
         -1         195
         -1         196
         -1         197
         -1         198
         -1         199
         -1         200
         -1         201
         -1         202
         -1         203
         -1         204
          0         205
         -1         206
         -1         207
         -1         208
         -1         209
         -1         210
         -1         211
         -2         212
         -1         213
         -1         214
         -1         215
         -1         216
         -1         217
         -1         218
         -1         219
         -1         220
          0         221
         -1         222
          0         223
         -2         224
          0         225
          0         226
         -1         227
         -1         228
         -1         229
         -1         230
         -1         231
         -1         232
          0         233
         -1         234
         -1         235
         -1         236
          0         237
         -1         238
         -1         239
         -1         240
          0         241
         -1         242
          0         243
         -1         244
          0         245
          0         246
         -1         247
         -1         248
         -1         249
          0         250
         -1         251
         -2         252
          0         253
          0         254
         -1         255
         -2         256
         -1         257
          0         258
          0         259
          0         260
          1         261
         -1         262
          1         263
          0         264
          0         265
          0         266
          1         267
          0         268
          1         269
          0         270
          1         271
          0         272
          1         273
          0         274
          1         275
          0         276
          0         277
          0         278
          1         279
          0         280
          0         281
          0         282
          0         283
          0         284
          1         285
          0         286
          0         287
          0         288
          0         289
          0         290
          1         291
          0         292
          0         293
          0         294
          0         295
          0         296
          1         297
          0         298
          1         299
          0         300
          1         301
         -1         302
          1         303
         -1         304
          0         305
          0         306
          1         307
         -1         308
          1         309
          0         310
          0         311
         -1         312
          0         313
          1         314
          0         315
         -1         316
          1         317
          0         318
          1         319
          0         320
          0         321
          1         322
          0         323
         -1         324
          0         325
          0         326
          0         327
          0         328
          0         329
          0         330
          1         331
          1         332
          1         333
         -1         334
          0         335
          0         336
          0         337
         -1         338
          0         339
         -1         340
          1         341
          1         342
          0         343
          0         344
          0         345
         -1         346
          0         347
         -1         348
          0         349
         -1         350
          1         351
         -1         352
          0         353
          0         354
          0         355
          0         356
          0         357
         -1         358
          0         359
         -1         360
          0         361
          1         362
          0         363
          0         364
          1         365
          1         366
          0         367
          0         368
          0         369
          1         370
          1         371
         -1         372
          0         373
          0         374
          0         375
         -1         376
          0         377
          0         378
          1         379
         -1         380
          0         381
          0         382
          1         383
         -1         384
          0         385
          0         386
          0         387
          0         388
          1         389
          0         390
          1         391
          0         392
          0         393
          0         394
          1         395
          0         396
          0         397
          1         398
          0         399
          0         400
          1         401
          0         402
          1         403
          0         404
          1         405
          0         406
          2         407
          0         408
          0         409
          1         410
          1         411
          1         412
          1         413
          0         414
          1         415
          0         416
          0         417
          0         418
          1         419
          1         420
          1         421
          0         422
          1         423
          0         424
          1         425
          0         426
          1         427
          0         428
          1         429
          0         430
          1         431
          0         432
          0         433
          0         434
          1         435
          0         436
          1         437
          0         438
          1         439
          0         440
          1         441
          1         442
          2         443
          0         444
          1         445
          1         446
          1         447
          1         448
          0         449
          1         450
          1         451
          1         452
          1         453
          1         454
          1         455
          1         456
          1         457
          1         458
          1         459
          1         460
          2         461
          1         462
          1         463
          1         464
          1         465
          1         466
          1         467
          0         468
          1         469
          1         470
          1         471
          1         472
          1         473
          1         474
          1         475
          1         476
          0         477
          1         478
          2         479
          0         480
          0         481
          0         482
          1         483
          1         484
          1         485
          1         486
          1         487
          1         488
          0         489
          1         490
          1         491
          1         492
          0         493
          1         494
          1         495
          1         496
          0         497
          1         498
          0         499
          1         500
          0         501
          2         502
          1         503
          1         504
          1         505
          2         506
          1         507
          2         508
          0         509
          2         510
          1         511
          2         512