         -6           1
         -4           2
         -6           3
         -2           4
         -5           5
         -3           6
         -5           7
         -2           8
         -5           9
         -2          10
         -5          11
         -1          12
         -5          13
         -2          14
         -5          15
         -2          16
         -3          17
         -2          18
         -4          19
         -2          20
         -3          21
         -2          22
         -4          23
         -1          24
         -4          25
         -1          26
         -3          27
         -2          28
         -3          29
         -1          30
         -4          31
         -1          32
         -3          33
         -2          34
         -3          35
         -2          36
         -3          37
         -2          38
         -3          39
         -1          40
         -3          41
         -1          42
         -3          43
          0          44
         -4          45
         -1          46
         -3          47
         -1          48
         -3          49
          0          50
         -2          51
          0          52
         -1          53
          0          54
         -3          55
          0          56
         -3          57
          0          58
         -3          59
          0          60
         -2          61
         -1          62
         -3          63
         -1          64
         -2          65
         -1          66
         -2          67
          0          68
         -2          69
          0          70
         -1          71
          0          72
         -2          73
         -1          74
         -1          75
          0          76
         -2          77
          0          78
         -2          79
          0          80
         -1          81
          0          82
         -2          83
          0          84
         -3          85
          0          86
         -2          87
          0          88
         -2          89
          0          90
         -1          91
          0          92
         -3          93
          1          94
         -3          95
          0          96
         -2          97
          0          98
         -2          99
         -1         100
         -2         101
         -1         102
         -2         103
         -1         104
         -2         105
          0         106
         -1         107
          0         108
         -2         109
          0         110
         -2         111
         -1         112
         -2         113
          0         114
         -3         115
          0         116
         -3         117
          0         118
         -3         119
          0         120
         -3         121
          0         122
         -3         123
          0         124
         -2         125
          0         126
         -3         127
          0         128
         -2         129
          1         130
         -2         131
          1         132
         -2         133
          1         134
         -2         135
          0         136
         -2         137
          2         138
         -2         139
          1         140
         -4         141
          2         142
         -4         143
          1         144
         -5         145
          1         146
         -5         147
          3         148
         -7         149
          4         150
        -11         151
          7         152
        -25         153
         17         154
         94         155
        -69         156
         16         157
        -12         158
          7         159
         -7         160
          5         161
         -5         162
          4         163
         -4         164
          3         165
         -3         166
          3         167
         -4         168
          3         169
         -2         170
          0         171
         -3         172
          2         173
         -3         174
          1         175
         -2         176
          1         177
         -3         178
          1         179
         -2         180
          1         181
         -1         182
          1         183
         -1         184
          1         185
         -1         186
          1         187
         -1         188
          1         189
         -2         190
          1         191
         -2         192
          0         193
         -1         194
         -1         195
         -1         196
          1         197
         -1         198
          0         199
         -1         200
          2         201
         -1         202
          0         203
         -1         204
          0         205
          0         206
          0         207
         -1         208
         -1         209
         -1         210
          0         211
         -1         212
          1         213
         -1         214
          1         215
         -1         216
         -1         217
         -1         218
          1         219
         -1         220
          0         221
         -1         222
         -1         223
         -1         224
          0         225
         -1         226
          1         227
         -1         228
          0         229
         -1         230
          0         231
         -1         232
          0         233
         -1         234
          0         235
         -1         236
          0         237
         -1         238
          0         239
         -1         240
          0         241
          0         242
          0         243
         -1         244
          0         245
         -2         246
          0         247
          0         248
          1         249
         -1         250
          0         251
          0         252
          0         253
          0         254
          0         255
          0         256
          0         257
          0         258
          0         259
          0         260
          1         261
         -1         262
          1         263
          0         264
          1         265
          0         266
          1         267
          1         268
          1         269
          0         270
          1         271
          0         272
          1         273
          0         274
          2         275
          0         276
          1         277
          0         278
          2         279
          1         280
          0         281
         -1         282
          1         283
          0         284
          1         285
         -1         286
          0         287
         -1         288
          1         289
          0         290
          1         291
          0         292
          1         293
          0         294
          1         295
         -1         296
          1         297
         -1         298
          1         299
          0         300
          0         301
         -1         302
          1         303
         -1         304
          1         305
          0         306
          2         307
          0         308
          1         309
          0         310
          1         311
          0         312
          1         313
          0         314
          1         315
          0         316
          0         317
         -1         318
          1         319
         -1         320
          0         321
          1         322
          0         323
          0         324
          2         325
          0         326
          1         327
          0         328
          2         329
          1         330
          1         331
          0         332
          0         333
          0         334
          0         335
          0         336
          1         337
          0         338
          0         339
          0         340
          1         341
          0         342
          0         343
          0         344
          0         345
          0         346
          1         347
          0         348
          1         349
         -1         350
          1         351
          0         352
          0         353
          0         354
          2         355
         -1         356
          0         357
         -1         358
          0         359
         -1         360
          0         361
          0         362
          1         363
          0         364
          0         365
          0         366
          0         367
         -1         368
          0         369
          0         370
          1         371
          0         372
          1         373
          0         374
          1         375
          0         376
          1         377
          0         378
          1         379
          0         380
          0         381
          0         382
          1         383
          0         384
          0         385
          1         386
          0         387
          1         388
          0         389
         -1         390
          0         391
          0         392
          0         393
          0         394
          0         395
          1         396
          0         397
          0         398
          0         399
          1         400
          1         401
          1         402
          1         403
          1         404
          1         405
          0         406
          1         407
          1         408
          1         409
          1         410
          2         411
         -1         412
          0         413
          0         414
          1         415
          1         416
          1         417
          1         418
          2         419
          0         420
          1         421
         -1         422
          1         423
          0         424
          1         425
          0         426
          2         427
          1         428
          0         429
          1         430
          1         431
          0         432
          1         433
          1         434
          1         435
          0         436
          1         437
          1         438
          1         439
          1         440
          1         441
          1         442
          1         443
          1         444
          1         445
          0         446
          1         447
          0         448
          0         449
          1         450
          1         451
          1         452
          1         453
          1         454
          2         455
          1         456
          0         457
          1         458
          2         459
          1         460
          0         461
          2         462
          0         463
          1         464
          1         465
          1         466
          0         467
          1         468
          1         469
          1         470
          1         471
          1         472
          1         473
          1         474
          1         475
          1         476
          2         477
          1         478
          1         479
          1         480
          0         481
          1         482
          1         483
          1         484
          0         485
          1         486
          0         487
          1         488
          0         489
          1         490
          2         491
          1         492
          0         493
          1         494
          0         495
          1         496
          0         497
          2         498
          0         499
          1         500
          2         501
          2         502
          0         503
          2         504
          1         505
          1         506
          0         507
          2         508
          0         509
          2         510
          0         511
          3         512