         -6           1
         -5           2
         -5           3
         -3           4
         -4           5
         -3           6
         -4           7
         -2           8
         -3           9
         -3          10
         -4          11
         -2          12
         -3          13
         -2          14
         -4          15
         -2          16
         -2          17
         -2          18
         -2          19
         -1          20
         -3          21
         -1          22
         -3          23
         -2          24
         -3          25
         -1          26
         -2          27
         -1          28
         -3          29
         -1          30
         -2          31
         -1          32
         -2          33
         -1          34
         -1          35
         -1          36
         -1          37
         -2          38
         -3          39
         -1          40
         -2          41
         -1          42
         -2          43
         -1          44
         -3          45
         -1          46
         -2          47
         -1          48
         -2          49
         -1          50
         -2          51
         -1          52
         -2          53
         -1          54
         -3          55
         -1          56
         -2          57
         -1          58
         -2          59
         -1          60
         -2          61
          0          62
         -1          63
         -1          64
         -1          65
         -1          66
         -1          67
         -1          68
         -1          69
         -1          70
         -1          71
          0          72
         -1          73
         -1          74
         -1          75
         -1          76
         -1          77
         -1          78
         -1          79
         -1          80
         -1          81
          0          82
         -1          83
         -1          84
         -1          85
         -1          86
         -1          87
         -1          88
         -1          89
         -1          90
         -1          91
         -1          92
         -1          93
         -1          94
         -1          95
         -1          96
         -1          97
          0          98
         -1          99
         -1         100
         -1         101
         -1         102
         -2         103
          0         104
         -1         105
          0         106
         -1         107
          0         108
         -1         109
         -1         110
         -1         111
          0         112
         -1         113
         -1         114
         -2         115
         -1         116
         -1         117
         -1         118
         -1         119
         -1         120
         -1         121
         -1         122
         -1         123
          0         124
         -1         125
         -1         126
         -1         127
         -1         128
          0         129
          0         130
          1         131
          0         132
          0         133
          0         134
          1         135
          0         136
          1         137
          0         138
          0         139
          0         140
          1         141
          0         142
          0         143
          0         144
          1         145
          0         146
          0         147
          0         148
          1         149
          0         150
          1         151
          0         152
          0         153
          1         154
          1         155
          1         156
          0         157
          1         158
          0         159
          1         160
          0         161
          0         162
          1         163
          1         164
          1         165
          0         166
          1         167
          1         168
          1         169
          1         170
          1         171
          1         172
          1         173
          2         174
          1         175
          0         176
          0         177
          2         178
          1         179
          2         180
          1         181
          2         182
          1         183
          2         184
          1         185
          3         186
          1         187
          3         188
          1         189
          4         190
          1         191
          4         192
          2         193
          4         194
          3         195
          6         196
          3         197
          7         198
          3         199
          9         200
          5         201
         14         202
          7         203
         24         204
         30         205
         89         206
        -19         207
        -61         208
         -7         209
        -23         210
         -5         211
        -16         212
         -3         213
        -12         214
         -1         215
         -9         216
         -2         217
         -8         218
         -2         219
         -6         220
         -1         221
         -6         222
         -2         223
         -6         224
         -1         225
         -5         226
         -1         227
         -5         228
         -1         229
         -5         230
         -1         231
         -3         232
         -1         233
         -3         234
          0         235
         -3         236
         -1         237
         -3         238
         -1         239
         -3         240
         -1         241
         -3         242
         -1         243
         -3         244
          0         245
         -3         246
          0         247
         -3         248
         -1         249
         -3         250
          0         251
         -2         252
          0         253
         -3         254
          0         255
         -3         256
          0         257
         -1         258
          1         259
         -1         260
          0         261
         -1         262
          0         263
         -2         264
          1         265
         -1         266
          0         267
         -2         268
          1         269
         -2         270
          0         271
         -2         272
          0         273
         -2         274
          0         275
         -1         276
          1         277
         -1         278
          1         279
         -2         280
          1         281
         -1         282
          0         283
         -1         284
          1         285
         -1         286
          0         287
         -1         288
          0         289
         -1         290
          1         291
         -1         292
          1         293
         -2         294
          1         295
         -1         296
          2         297
         -1         298
          2         299
         -1         300
          1         301
         -1         302
          0         303
         -1         304
          0         305
         -1         306
          0         307
         -1         308
          2         309
         -1         310
          1         311
         -1         312
          0         313
         -1         314
          2         315
         -1         316
          0         317
         -2         318
          1         319
         -1         320
          1         321
         -1         322
          1         323
         -1         324
          1         325
         -1         326
          1         327
          0         328
          1         329
         -1         330
          1         331
         -1         332
          1         333
         -1         334
          1         335
         -1         336
         -1         337
          0         338
          1         339
         -1         340
          1         341
         -1         342
          1         343
         -1         344
          1         345
         -1         346
          1         347
         -1         348
          1         349
         -1         350
          1         351
         -1         352
          1         353
          0         354
          1         355
         -1         356
          1         357
         -1         358
          0         359
          0         360
          1         361
          0         362
          1         363
          0         364
          1         365
         -1         366
          1         367
          0         368
          1         369
         -1         370
          0         371
         -1         372
          1         373
         -1         374
          1         375
         -1         376
          1         377
         -1         378
          1         379
          0         380
          1         381
         -1         382
          1         383
         -1         384
          0         385
          0         386
          1         387
          0         388
          0         389
          0         390
          1         391
          0         392
          1         393
          0         394
          0         395
          0         396
          1         397
          0         398
          0         399
          0         400
          1         401
          0         402
          0         403
          0         404
          1         405
          0         406
          1         407
          0         408
          0         409
          1         410
          1         411
          1         412
          2         413
          1         414
          2         415
         -1         416
          0         417
          0         418
          1         419
          1         420
          1         421
          0         422
          1         423
         -1         424
          1         425
         -1         426
          1         427
         -1         428
          1         429
          0         430
          1         431
          0         432
          2         433
          0         434
          1         435
          0         436
          1         437
          0         438
          1         439
          0         440
          1         441
         -1         442
          1         443
          1         444
          1         445
          0         446
          1         447
          0         448
          0         449
          0         450
          1         451
          0         452
          1         453
          1         454
          1         455
          1         456
          1         457
          0         458
          1         459
          0         460
          2         461
          1         462
          1         463
         -1         464
          1         465
          1         466
          1         467
          0         468
          1         469
          0         470
          1         471
          1         472
          2         473
          0         474
          2         475
          0         476
          1         477
          0         478
          2         479
          0         480
          1         481
          1         482
          1         483
          1         484
          1         485
          1         486
          1         487
          1         488
          1         489
          1         490
          2         491
          1         492
          1         493
          1         494
          1         495
          1         496
          1         497
          1         498
          1         499
          1         500
          2         501
          1         502
          2         503
          1         504
          1         505
          1         506
          2         507
          2         508
          2         509
          1         510
          2         511
          1         512