   0)   0.19   0.90
   0)   0.18   0.99
   1)   0.16   1.02
   1)   0.15   1.06
   2)   0.14   1.10
   2)   0.12   1.15
   3)   0.11   1.20
   3)   0.09   1.25
   4)   0.07   1.32
   4)   0.05   1.38
   5)   0.02   1.46
   5)  -0.00   1.55
   6)  -0.03   1.65
   6)  -0.10   1.71
   7)  -0.12   1.88
   7)  -0.17   2.03
   8)  -0.23   2.22
   8)  -0.30   2.45
   9)  -0.40   2.73
   9)  -0.52   3.10
  10)  -0.68   3.60
  10)  -0.91   4.32
  11)  -1.27   5.43
  11)  -1.91   7.39
  12)  -3.35  11.80
  12)  -9.57  30.88
  13)  15.29 -45.40
  13)   4.63 -12.70
  14)   2.85  -7.24
  14)   2.12  -4.99
  15)   1.72  -3.76
  15)   1.47  -2.98
  16)   1.29  -2.45
  16)   1.16  -2.05
  17)   1.06  -1.75
  17)   0.98  -1.51
  18)   0.92  -1.32
  18)   0.86  -1.16
  19)   0.78  -1.04
  19)   0.82  -0.88
  20)   0.77  -0.78
  20)   0.73  -0.69
  21)   0.70  -0.61
  21)   0.68  -0.54
  22)   0.66  -0.47
  22)   0.63  -0.41
  23)   0.62  -0.35
  23)   0.60  -0.30
  24)   0.58  -0.25
  24)   0.57  -0.20
  25)   0.55  -0.16
  25)   0.56  -0.15
  26)   0.51  -0.06
  26)   0.50  -0.03
  27)   0.49   0.01
  27)   0.48   0.05
  28)   0.47   0.09
  28)   0.46   0.13
  29)   0.44   0.16
  29)   0.43   0.20
  30)   0.42   0.24
  30)   0.41   0.28
  31)   0.39   0.32
  31)   0.38   0.36
  32)   0.37   0.35
  32)   0.35   0.44
  33)   0.34   0.49
  33)   0.32   0.53
  34)   0.31   0.58
  34)   0.29   0.64
  35)   0.27   0.69
  35)   0.25   0.75
  36)   0.23   0.82
  36)   0.20   0.89
  37)   0.18   0.97
  37)   0.14   1.06
  38)   0.10   1.16
  38)   0.16   1.28
  39)   0.05   1.41
  39)  -0.01   1.57
  40)  -0.07   1.76
  40)  -0.15   1.99
  41)  -0.24   2.28
  41)  -0.36   2.65
  42)  -0.53   3.15
  42)  -0.76   3.87
  43)  -1.12   4.98
  43)  -1.76   6.95
  44)  -3.20  11.35
  44)  -9.42  30.43
  45)  15.44 -45.85
  45)   4.78 -13.15
  46)   3.01  -7.69
  46)   2.27  -5.44
  47)   1.87  -4.21
  47)   1.62  -3.44
  48)   1.45  -2.90
  48)   1.32  -2.51
  49)   1.22  -2.21
  49)   1.14  -1.97
  50)   1.08  -1.78
  50)   1.04  -1.62
  51)   1.02  -1.50
  51)   0.92  -1.36
  52)   0.90  -1.27
  52)   0.88  -1.18
  53)   0.85  -1.10
  53)   0.83  -1.03
  54)   0.81  -0.97
  54)   0.79  -0.92
  55)   0.78  -0.87
  55)   0.76  -0.82
  56)   0.75  -0.78
  56)   0.74  -0.74
  57)   0.73  -0.71
  57)   0.74  -0.70
  58)   0.70  -0.62
  58)   0.69  -0.60
  59)   0.68  -0.57
  59)   0.67  -0.55
  60)   0.67  -0.52
  60)   0.66  -0.50
  61)   0.65  -0.48
  61)   0.65  -0.46
  62)   0.64  -0.44
  62)   0.63  -0.42
  63)   0.63  -0.40
  63)   0.62  -0.38
  64)   0.52  -0.32
  64)   0.61  -0.35
  65)   0.61  -0.33
  65)   0.60  -0.32
  66)   0.60  -0.31
  66)   0.59  -0.29
  67)   0.59  -0.28
  67)   0.58  -0.27
  68)   0.58  -0.25
  68)   0.57  -0.24
  69)   0.57  -0.23
  69)   0.56  -0.22
  70)   0.55  -0.21
  70)   0.64  -0.19
  71)   0.57  -0.18
  71)   0.56  -0.17
  72)   0.56  -0.16
  72)   0.55  -0.15
  73)   0.55  -0.14
  73)   0.55  -0.13
  74)   0.54  -0.13
  74)   0.54  -0.12
  75)   0.54  -0.11
  75)   0.54  -0.10
  76)   0.54  -0.09
  76)   0.55  -0.08
  77)   0.49  -0.09
  77)   0.51  -0.07
  78)   0.51  -0.06
  78)   0.51  -0.05
  79)   0.51  -0.04
  79)   0.51  -0.04
  80)   0.51  -0.03
  80)   0.50  -0.02
  81)   0.50  -0.01
  81)   0.50  -0.01
  82)   0.50   0.00
  82)   0.50   0.01
  83)   0.53   0.00
  83)   0.46   0.03
  84)   0.48   0.03
  84)   0.48   0.04
  85)   0.48   0.05
  85)   0.48   0.05
  86)   0.47   0.06
  86)   0.47   0.07
  87)   0.47   0.07
  87)   0.47   0.08
  88)   0.47   0.09
  88)   0.46   0.09
  89)   0.46   0.10
  89)   0.42   0.13
  90)   0.47   0.10
  90)   0.46   0.11
  91)   0.46   0.12
  91)   0.46   0.13
  92)   0.45   0.14
  92)   0.45   0.14
  93)   0.45   0.15
  93)   0.45   0.16
  94)   0.44   0.16
  94)   0.44   0.17
  95)   0.44   0.18
  95)   0.44   0.18
  96)   0.34   0.24
  96)   0.43   0.19
  97)   0.43   0.20
  97)   0.43   0.21
  98)   0.43   0.21
  98)   0.43   0.22
  99)   0.42   0.23
  99)   0.42   0.24
 100)   0.42   0.24
 100)   0.42   0.25
 101)   0.42   0.26
 101)   0.41   0.27
 102)   0.42   0.28
 102)   0.38   0.24
 103)   0.40   0.28
 103)   0.40   0.29
 104)   0.40   0.29
 104)   0.40   0.30
 105)   0.39   0.31
 105)   0.39   0.32
 106)   0.39   0.33
 106)   0.39   0.33
 107)   0.39   0.34
 107)   0.39   0.35
 108)   0.39   0.36
 108)   0.40   0.37
 109)   0.34   0.36
 109)   0.36   0.38
 110)   0.36   0.39
 110)   0.36   0.40
 111)   0.36   0.41
 111)   0.35   0.42
 112)   0.35   0.42
 112)   0.35   0.43
 113)   0.34   0.44
 113)   0.34   0.45
 114)   0.33   0.46
 114)   0.33   0.47
 115)   0.29   0.46
 115)   0.37   0.52
 116)   0.34   0.52
 116)   0.33   0.52
 117)   0.33   0.54
 117)   0.32   0.55
 118)   0.32   0.56
 118)   0.31   0.57
 119)   0.31   0.59
 119)   0.30   0.60
 120)   0.30   0.61
 120)   0.29   0.63
 121)   0.28   0.65
 121)   0.24   0.69
 122)   0.29   0.67
 122)   0.28   0.69
 123)   0.27   0.71
 123)   0.26   0.73
 124)   0.26   0.75
 124)   0.25   0.77
 125)   0.24   0.79
 125)   0.23   0.81
 126)   0.22   0.84
 126)   0.22   0.86
 127)   0.21   0.89
 127)   0.20   0.92
