   0)   0.27   0.27
   0)   0.27   0.28
   1)   0.27   0.29
   1)   0.28   0.30
   2)   0.28   0.31
   2)   0.28   0.32
   3)   0.29   0.34
   3)   0.29   0.35
   4)   0.29   0.36
   4)   0.30   0.38
   5)   0.30   0.40
   5)   0.30   0.41
   6)   0.30   0.44
   6)   0.40   0.39
   7)   0.34   0.46
   7)   0.34   0.48
   8)   0.35   0.51
   8)   0.36   0.54
   9)   0.36   0.57
   9)   0.37   0.60
  10)   0.38   0.63
  10)   0.40   0.67
  11)   0.41   0.72
  11)   0.43   0.77
  12)   0.44   0.82
  12)   0.46   0.89
  13)   0.49   0.96
  13)   0.52   1.05
  14)   0.55   1.15
  14)   0.59   1.28
  15)   0.64   1.44
  15)   0.70   1.63
  16)   0.79   1.89
  16)   0.90   2.24
  17)   1.07   2.76
  17)   1.33   3.57
  18)   1.81   5.06
  18)   2.99   8.68
  19)  10.04  30.39
  19)  -6.42 -20.26
  20)  -2.30  -7.59
  20)  -1.35  -4.67
  21)  -0.93  -3.37
  21)  -0.69  -2.63
  22)  -0.54  -2.16
  22)  -0.43  -1.83
  23)  -0.35  -1.58
  23)  -0.29  -1.40
  24)  -0.25  -1.25
  24)  -0.21  -1.12
  25)  -0.18  -1.02
  25)  -0.15  -0.94
  26)  -0.13  -0.86
  26)  -0.11  -0.80
  27)  -0.09  -0.74
  27)  -0.08  -0.70
  28)  -0.06  -0.65
  28)  -0.05  -0.61
  29)  -0.04  -0.57
  29)  -0.03  -0.54
  30)  -0.02  -0.51
  30)  -0.02  -0.48
  31)  -0.01  -0.45
  31)  -0.00  -0.43
  32)  21.10  -0.41
  32)   0.01  -0.38
  33)   0.01  -0.36
  33)   0.01  -0.34
  34)   0.02  -0.32
  34)   0.02  -0.30
  35)   0.02  -0.28
  35)   0.02  -0.26
  36)   0.03  -0.24
  36)   0.03  -0.22
  37)   0.03  -0.20
  37)   0.03  -0.18
  38)   0.03  -0.16
  38)   0.02  -0.14
  39)   0.02  -0.11
  39)   0.02  -0.08
  40)   0.01  -0.05
  40)   0.00  -0.02
  41)  -0.00   0.03
  41)  -0.02   0.08
  42)  -0.04   0.16
  42)  -0.07   0.26
  43)  -0.11   0.41
  43)  -0.20   0.68
  44)  -0.38   1.27
  44)  -1.21   3.82
  45)   2.10  -6.34
  45)   0.68  -1.98
  46)   0.45  -1.25
  46)   0.35  -0.94
  47)   0.30  -0.78
  47)   0.27  -0.67
  48)   0.25  -0.59
  48)   0.23  -0.54
  49)   0.22  -0.49
  49)   0.21  -0.46
  50)   0.21  -0.43
  50)   0.20  -0.41
  51)   0.20  -0.38
  51)   0.19  -0.37
  52)   0.19  -0.35
  52)   0.19  -0.33
  53)   0.19  -0.32
  53)   0.18  -0.31
  54)   0.18  -0.30
  54)   0.18  -0.29
  55)   0.18  -0.28
  55)   0.18  -0.27
  56)   0.18  -0.26
  56)   0.18  -0.25
  57)   0.19  -0.24
  57)   0.25  -0.19
  58)   0.16  -0.25
  58)   0.17  -0.23
  59)   0.17  -0.23
  59)   0.17  -0.22
  60)   0.17  -0.21
  60)   0.17  -0.21
  61)   0.17  -0.20
  61)   0.17  -0.20
  62)   0.17  -0.19
  62)   0.17  -0.19
  63)   0.17  -0.18
  63)   0.18  -0.18
  64)   0.18  -0.18
  64)   0.18  -0.17
  65)   0.18  -0.17
  65)   0.18  -0.16
  66)   0.18  -0.16
  66)   0.18  -0.16
  67)   0.18  -0.15
  67)   0.18  -0.15
  68)   0.18  -0.15
  68)   0.18  -0.15
  69)   0.19  -0.15
  69)   0.20  -0.15
  70)   0.22  -0.16
  70)   0.00  -0.00
  71)   0.15  -0.10
  71)   0.16  -0.11
  72)   0.17  -0.11
  72)   0.17  -0.11
  73)   0.17  -0.11
  73)   0.17  -0.10
  74)   0.17  -0.10
  74)   0.18  -0.10
  75)   0.18  -0.10
  75)   0.18  -0.10
  76)   0.18  -0.09
  76)   0.18  -0.09
  77)   0.18  -0.09
  77)   0.18  -0.08
  78)   0.18  -0.08
  78)   0.18  -0.08
  79)   0.18  -0.08
  79)   0.18  -0.07
  80)   0.18  -0.07
  80)   0.18  -0.07
  81)   0.18  -0.06
  81)   0.19  -0.06
  82)   0.19  -0.05
  82)   0.19  -0.04
  83)   0.21   0.01
  83)   0.17  -0.11
  84)   0.18  -0.07
  84)   0.18  -0.06
  85)   0.18  -0.06
  85)   0.18  -0.05
  86)   0.19  -0.05
  86)   0.19  -0.05
  87)   0.19  -0.05
  87)   0.19  -0.04
  88)   0.19  -0.04
  88)   0.19  -0.04
  89)   0.19  -0.03
  89)   0.19  -0.03
  90)   0.19  -0.03
  90)   0.19  -0.03
  91)   0.19  -0.02
  91)   0.19  -0.02
  92)   0.19  -0.02
  92)   0.19  -0.02
  93)   0.19  -0.01
  93)   0.19  -0.01
  94)   0.19  -0.01
  94)   0.20  -0.01
  95)   0.20  -0.00
  95)   0.20  -0.00
  96)   0.30  -0.00
  96)   0.20   0.00
  97)   0.20   0.01
  97)   0.20   0.01
  98)   0.20   0.01
  98)   0.20   0.01
  99)   0.20   0.02
  99)   0.20   0.02
 100)   0.20   0.02
 100)   0.20   0.02
 101)   0.20   0.03
 101)   0.20   0.03
 102)   0.20   0.03
 102)   0.20   0.03
 103)   0.20   0.04
 103)   0.21   0.04
 104)   0.21   0.04
 104)   0.21   0.05
 105)   0.21   0.05
 105)   0.21   0.05
 106)   0.21   0.06
 106)   0.21   0.06
 107)   0.21   0.07
 107)   0.21   0.07
 108)   0.21   0.08
 108)   0.20   0.12
 109)   0.24  -0.00
 109)   0.22   0.05
 110)   0.22   0.06
 110)   0.22   0.07
 111)   0.22   0.08
 111)   0.22   0.08
 112)   0.22   0.09
 112)   0.22   0.09
 113)   0.22   0.09
 113)   0.22   0.10
 114)   0.22   0.10
 114)   0.22   0.11
 115)   0.23   0.11
 115)   0.23   0.11
 116)   0.23   0.12
 116)   0.23   0.12
 117)   0.23   0.13
 117)   0.23   0.13
 118)   0.23   0.14
 118)   0.23   0.14
 119)   0.23   0.15
 119)   0.23   0.15
 120)   0.24   0.16
 120)   0.24   0.16
 121)   0.23   0.16
 121)   0.20   0.14
 122)   0.26   0.19
 122)   0.25   0.19
 123)   0.25   0.19
 123)   0.25   0.20
 124)   0.25   0.21
 124)   0.25   0.21
 125)   0.26   0.22
 125)   0.26   0.23
 126)   0.26   0.24
 126)   0.26   0.24
 127)   0.26   0.25
 127)   0.27   0.26
