   0)  -0.07   1.53
   0)  -0.01   1.62
   1)  -0.05   1.67
   1)  -0.06   1.73
   2)  -0.09   1.81
   2)  -0.12   1.89
   3)  -0.15   1.98
   3)  -0.18   2.09
   4)  -0.22   2.20
   4)  -0.26   2.32
   5)  -0.30   2.47
   5)  -0.36   2.63
   6)  -0.42   2.82
   6)  -0.49   3.03
   7)  -0.57   3.29
   7)  -0.67   3.58
   8)  -0.78   3.95
   8)  -0.93   4.39
   9)  -1.11   4.95
   9)  -1.35   5.69
  10)  -1.68   6.68
  10)  -2.13   8.10
  11)  -2.85  10.32
  11)  -4.13  14.24
  12)  -6.98  23.04
  12) -19.37  61.24
  13)  30.24 -91.46
  13)   8.94 -26.01
  14)   5.40 -15.12
  14)   3.95 -10.62
  15)   3.15  -8.17
  15)   2.65  -6.63
  16)   2.31  -5.57
  16)   2.05  -4.79
  17)   1.86  -4.20
  17)   1.71  -3.73
  18)   1.59  -3.36
  18)   1.49  -3.05
  19)   1.40  -2.79
  19)   1.33  -2.56
  20)   1.27  -2.37
  20)   1.21  -2.20
  21)   1.16  -2.06
  21)   1.12  -1.93
  22)   1.09  -1.81
  22)   1.05  -1.71
  23)   1.02  -1.62
  23)   1.00  -1.53
  24)   0.96  -1.45
  24)   0.94  -1.39
  25)   0.93  -1.32
  25)   0.84  -1.27
  26)   0.89  -1.15
  26)   0.86  -1.13
  27)   0.85  -1.09
  27)   0.84  -1.04
  28)   0.82  -1.00
  28)   0.81  -0.96
  29)   0.80  -0.92
  29)   0.78  -0.89
  30)   0.78  -0.85
  30)   0.76  -0.82
  31)   0.75  -0.79
  31)   0.75  -0.76
  32)   0.73  -0.73
  32)   0.72  -0.71
  33)   0.72  -0.68
  33)   0.71  -0.65
  34)   0.70  -0.64
  34)   0.70  -0.61
  35)   0.69  -0.59
  35)   0.68  -0.57
  36)   0.68  -0.55
  36)   0.67  -0.52
  37)   0.65  -0.51
  37)   0.66  -0.49
  38)   0.63  -0.43
  38)   0.81  -0.57
  39)   0.65  -0.47
  39)   0.65  -0.46
  40)   0.64  -0.43
  40)   0.63  -0.42
  41)   0.63  -0.40
  41)   0.63  -0.39
  42)   0.62  -0.37
  42)   0.62  -0.36
  43)   0.61  -0.35
  43)   0.60  -0.34
  44)   0.60  -0.33
  44)   0.60  -0.31
  45)   0.59  -0.30
  45)   0.59  -0.29
  46)   0.59  -0.28
  46)   0.58  -0.27
  47)   0.58  -0.26
  47)   0.58  -0.25
  48)   0.57  -0.24
  48)   0.57  -0.23
  49)   0.57  -0.22
  49)   0.56  -0.22
  50)   0.57  -0.21
  50)   0.56  -0.19
  51)   0.52  -0.23
  51)   0.54  -0.13
  52)   0.55  -0.17
  52)   0.56  -0.15
  53)   0.54  -0.14
  53)   0.54  -0.14
  54)   0.54  -0.13
  54)   0.54  -0.12
  55)   0.54  -0.12
  55)   0.54  -0.11
  56)   0.53  -0.10
  56)   0.53  -0.10
  57)   0.53  -0.09
  57)   0.52  -0.08
  58)   0.52  -0.08
  58)   0.52  -0.07
  59)   0.52  -0.06
  59)   0.52  -0.06
  60)   0.52  -0.05
  60)   0.51  -0.04
  61)   0.51  -0.04
  61)   0.51  -0.03
  62)   0.50  -0.02
  62)   0.50  -0.02
  63)   0.51  -0.00
  63)   0.49   0.02
  64)   0.36   0.00
  64)   0.48  -0.02
  65)   0.50   0.00
  65)   0.49   0.02
  66)   0.49   0.02
  66)   0.49   0.03
  67)   0.48   0.04
  67)   0.48   0.04
  68)   0.48   0.04
  68)   0.48   0.05
  69)   0.48   0.06
  69)   0.48   0.06
  70)   0.47   0.07
  70)   0.47   0.07
  71)   0.47   0.08
  71)   0.47   0.09
  72)   0.47   0.09
  72)   0.47   0.10
  73)   0.46   0.10
  73)   0.46   0.10
  74)   0.46   0.11
  74)   0.46   0.12
  75)   0.45   0.12
  75)   0.46   0.12
  76)   0.45   0.14
  76)   0.43   0.09
  77)   0.41   0.19
  77)   0.45   0.15
  78)   0.45   0.17
  78)   0.44   0.17
  79)   0.44   0.17
  79)   0.44   0.18
  80)   0.43   0.18
  80)   0.44   0.19
  81)   0.43   0.20
  81)   0.43   0.20
  82)   0.43   0.20
  82)   0.43   0.21
  83)   0.42   0.22
  83)   0.43   0.22
  84)   0.42   0.23
  84)   0.42   0.23
  85)   0.42   0.24
  85)   0.42   0.25
  86)   0.41   0.25
  86)   0.41   0.26
  87)   0.41   0.27
  87)   0.40   0.27
  88)   0.41   0.27
  88)   0.41   0.29
  89)   0.39   0.29
  89)   0.43   0.30
  90)   0.40   0.26
  90)   0.41   0.30
  91)   0.39   0.31
  91)   0.39   0.31
  92)   0.40   0.32
  92)   0.39   0.33
  93)   0.39   0.33
  93)   0.39   0.34
  94)   0.38   0.35
  94)   0.38   0.35
  95)   0.38   0.36
  95)   0.38   0.37
  96)   0.37   0.37
  96)   0.37   0.38
  97)   0.37   0.39
  97)   0.37   0.39
  98)   0.37   0.40
  98)   0.36   0.41
  99)   0.36   0.41
  99)   0.36   0.42
 100)   0.35   0.43
 100)   0.35   0.43
 101)   0.35   0.45
 101)   0.34   0.45
 102)   0.35   0.43
 102)   0.28   0.50
 103)   0.35   0.49
 103)   0.33   0.51
 104)   0.33   0.50
 104)   0.33   0.51
 105)   0.33   0.52
 105)   0.32   0.53
 106)   0.32   0.54
 106)   0.32   0.55
 107)   0.31   0.56
 107)   0.31   0.57
 108)   0.31   0.58
 108)   0.30   0.59
 109)   0.30   0.60
 109)   0.30   0.61
 110)   0.29   0.62
 110)   0.29   0.63
 111)   0.28   0.65
 111)   0.28   0.66
 112)   0.28   0.67
 112)   0.27   0.69
 113)   0.27   0.69
 113)   0.27   0.71
 114)   0.25   0.73
 114)   0.24   0.72
 115)   0.26   0.72
 115)   0.28   0.78
 116)   0.25   0.81
 116)   0.23   0.81
 117)   0.23   0.83
 117)   0.23   0.85
 118)   0.21   0.87
 118)   0.21   0.88
 119)   0.20   0.91
 119)   0.19   0.93
 120)   0.19   0.95
 120)   0.18   0.98
 121)   0.17   1.00
 121)   0.17   1.02
 122)   0.16   1.05
 122)   0.14   1.08
 123)   0.14   1.11
 123)   0.13   1.14
 124)   0.11   1.17
 124)   0.11   1.21
 125)   0.09   1.25
 125)   0.08   1.28
 126)   0.07   1.32
 126)   0.05   1.38
 127)   0.03   1.41
 127)   0.03   1.45
