   0)   0.30   0.00
   0)   0.50   0.01
   1)   0.50   0.01
   1)   0.50   0.02
   2)   0.50   0.02
   2)   0.51   0.03
   3)   0.51   0.04
   3)   0.51   0.04
   4)   0.51   0.05
   4)   0.52   0.06
   5)   0.52   0.06
   5)   0.52   0.07
   6)   0.52   0.08
   6)   0.52   0.08
   7)   0.53   0.09
   7)   0.53   0.10
   8)   0.53   0.11
   8)   0.53   0.11
   9)   0.54   0.12
   9)   0.54   0.13
  10)   0.54   0.14
  10)   0.54   0.14
  11)   0.55   0.15
  11)   0.55   0.16
  12)   0.55   0.17
  12)   0.55   0.18
  13)   0.56   0.18
  13)   0.56   0.19
  14)   0.56   0.20
  14)   0.57   0.21
  15)   0.57   0.22
  15)   0.57   0.23
  16)   0.57   0.24
  16)   0.58   0.25
  17)   0.58   0.26
  17)   0.58   0.27
  18)   0.59   0.28
  18)   0.59   0.29
  19)   0.60   0.30
  19)   0.60   0.31
  20)   0.60   0.32
  20)   0.61   0.33
  21)   0.61   0.35
  21)   0.62   0.36
  22)   0.62   0.37
  22)   0.62   0.38
  23)   0.63   0.40
  23)   0.63   0.41
  24)   0.64   0.43
  24)   0.65   0.44
  25)   0.66   0.47
  25)   0.75   0.54
  26)   0.63   0.47
  26)   0.65   0.49
  27)   0.66   0.51
  27)   0.67   0.53
  28)   0.67   0.55
  28)   0.68   0.57
  29)   0.69   0.59
  29)   0.69   0.61
  30)   0.70   0.64
  30)   0.71   0.66
  31)   0.72   0.68
  31)   0.73   0.71
  32)   0.73   0.73
  32)   0.74   0.76
  33)   0.75   0.79
  33)   0.76   0.82
  34)   0.77   0.85
  34)   0.78   0.89
  35)   0.80   0.92
  35)   0.81   0.96
  36)   0.82   1.00
  36)   0.84   1.04
  37)   0.85   1.09
  37)   0.87   1.14
  38)   0.88   1.19
  38)   0.90   1.25
  39)   0.92   1.31
  39)   0.94   1.37
  40)   0.97   1.45
  40)   0.99   1.52
  41)   1.02   1.61
  41)   1.05   1.70
  42)   1.08   1.81
  42)   1.12   1.93
  43)   1.16   2.06
  43)   1.21   2.20
  44)   1.27   2.37
  44)   1.33   2.56
  45)   1.40   2.78
  45)   1.49   3.04
  46)   1.59   3.36
  46)   1.71   3.73
  47)   1.86   4.20
  47)   2.05   4.79
  48)   2.30   5.56
  48)   2.65   6.63
  49)   3.15   8.17
  49)   3.95  10.62
  50)   5.41  15.11
  50)   8.95  26.01
  51)  30.20  91.42
  51) -19.39 -61.19
  52)  -6.99 -23.04
  52)  -4.13 -14.23
  53)  -2.85 -10.32
  53)  -2.14  -8.10
  54)  -1.67  -6.68
  54)  -1.35  -5.68
  55)  -1.11  -4.95
  55)  -0.93  -4.39
  56)  -0.78  -3.95
  56)  -0.67  -3.58
  57)  -0.57  -3.28
  57)  -0.49  -3.03
  58)  -0.42  -2.82
  58)  -0.36  -2.63
  59)  -0.30  -2.47
  59)  -0.26  -2.32
  60)  -0.22  -2.20
  60)  -0.18  -2.08
  61)  -0.15  -1.98
  61)  -0.12  -1.89
  62)  -0.09  -1.80
  62)  -0.06  -1.73
  63)  -0.04  -1.66
  63)  -0.02  -1.59
  64)   0.00  -1.53
  64)   0.02  -1.48
  65)   0.03  -1.42
  65)   0.05  -1.38
  66)   0.07  -1.33
  66)   0.08  -1.29
  67)   0.09  -1.25
  67)   0.10  -1.21
  68)   0.12  -1.18
  68)   0.13  -1.14
  69)   0.14  -1.11
  69)   0.15  -1.08
  70)   0.16  -1.05
  70)   0.17  -1.03
  71)   0.17  -1.00
  71)   0.18  -0.98
  72)   0.19  -0.95
  72)   0.20  -0.93
  73)   0.20  -0.91
  73)   0.21  -0.89
  74)   0.22  -0.87
  74)   0.22  -0.85
  75)   0.23  -0.84
  75)   0.24  -0.82
  76)   0.25  -0.81
  76)   0.26  -0.83
  77)   0.22  -0.68
  77)   0.25  -0.72
  78)   0.26  -0.71
  78)   0.26  -0.70
  79)   0.27  -0.69
  79)   0.27  -0.68
  80)   0.28  -0.67
  80)   0.28  -0.66
  81)   0.29  -0.64
  81)   0.29  -0.63
  82)   0.29  -0.62
  82)   0.30  -0.61
  83)   0.30  -0.60
  83)   0.30  -0.59
  84)   0.31  -0.58
  84)   0.31  -0.57
  85)   0.32  -0.56
  85)   0.32  -0.55
  86)   0.32  -0.54
  86)   0.32  -0.53
  87)   0.33  -0.52
  87)   0.33  -0.51
  88)   0.33  -0.50
  88)   0.34  -0.49
  89)   0.34  -0.48
  89)   0.34  -0.47
  90)   0.35  -0.47
  90)   0.35  -0.46
  91)   0.35  -0.45
  91)   0.35  -0.44
  92)   0.36  -0.43
  92)   0.36  -0.43
  93)   0.36  -0.42
  93)   0.36  -0.41
  94)   0.37  -0.40
  94)   0.37  -0.40
  95)   0.37  -0.39
  95)   0.37  -0.38
  96)   0.38  -0.38
  96)   0.38  -0.37
  97)   0.38  -0.36
  97)   0.38  -0.35
  98)   0.38  -0.35
  98)   0.39  -0.34
  99)   0.39  -0.34
  99)   0.39  -0.33
 100)   0.39  -0.32
 100)   0.40  -0.32
 101)   0.40  -0.31
 101)   0.40  -0.31
 102)   0.41  -0.30
 102)   0.38  -0.27
 103)   0.40  -0.28
 103)   0.40  -0.28
 104)   0.41  -0.27
 104)   0.41  -0.27
 105)   0.41  -0.26
 105)   0.41  -0.25
 106)   0.41  -0.25
 106)   0.42  -0.24
 107)   0.42  -0.24
 107)   0.42  -0.23
 108)   0.42  -0.23
 108)   0.42  -0.22
 109)   0.43  -0.21
 109)   0.43  -0.21
 110)   0.43  -0.20
 110)   0.43  -0.20
 111)   0.43  -0.19
 111)   0.44  -0.19
 112)   0.44  -0.18
 112)   0.44  -0.18
 113)   0.44  -0.17
 113)   0.44  -0.16
 114)   0.44  -0.16
 114)   0.45  -0.15
 115)   0.45  -0.15
 115)   0.45  -0.14
 116)   0.45  -0.14
 116)   0.45  -0.13
 117)   0.46  -0.13
 117)   0.46  -0.12
 118)   0.46  -0.12
 118)   0.46  -0.11
 119)   0.46  -0.10
 119)   0.46  -0.10
 120)   0.47  -0.09
 120)   0.47  -0.09
 121)   0.47  -0.08
 121)   0.47  -0.08
 122)   0.47  -0.07
 122)   0.48  -0.06
 123)   0.48  -0.06
 123)   0.48  -0.05
 124)   0.48  -0.05
 124)   0.48  -0.04
 125)   0.49  -0.04
 125)   0.49  -0.03
 126)   0.49  -0.02
 126)   0.49  -0.02
 127)   0.49  -0.01
 127)   0.49  -0.01
