   0)   0.00   0.13
   0)  -0.00   0.18
   1)  -0.00   0.18
   1)  -0.01   0.18
   2)  -0.01   0.19
   2)  -0.01   0.19
   3)  -0.01   0.19
   3)  -0.02   0.19
   4)  -0.02   0.19
   4)  -0.02   0.19
   5)  -0.03   0.20
   5)  -0.03   0.20
   6)  -0.04   0.19
   6)  -0.01   0.24
   7)  -0.03   0.21
   7)  -0.04   0.21
   8)  -0.04   0.21
   8)  -0.04   0.22
   9)  -0.05   0.22
   9)  -0.05   0.22
  10)  -0.06   0.23
  10)  -0.06   0.23
  11)  -0.07   0.23
  11)  -0.07   0.24
  12)  -0.08   0.25
  12)  -0.11   0.29
  13)  -0.01   0.15
  13)  -0.06   0.22
  14)  -0.07   0.23
  14)  -0.08   0.24
  15)  -0.09   0.24
  15)  -0.09   0.25
  16)  -0.10   0.25
  16)  -0.10   0.26
  17)  -0.11   0.26
  17)  -0.11   0.26
  18)  -0.12   0.27
  18)  -0.12   0.27
  19)  -0.10   0.27
  19)  -0.17   0.29
  20)  -0.16   0.30
  20)  -0.16   0.30
  21)  -0.17   0.31
  21)  -0.18   0.31
  22)  -0.18   0.32
  22)  -0.19   0.33
  23)  -0.20   0.33
  23)  -0.21   0.34
  24)  -0.22   0.35
  24)  -0.22   0.37
  25)  -0.22   0.38
  25)  -0.04   0.48
  26)  -0.35   0.36
  26)  -0.33   0.39
  27)  -0.34   0.41
  27)  -0.36   0.42
  28)  -0.37   0.44
  28)  -0.40   0.46
  29)  -0.42   0.48
  29)  -0.45   0.50
  30)  -0.48   0.52
  30)  -0.52   0.55
  31)  -0.56   0.58
  31)  -0.61   0.61
  32)  62.84   0.70
  32)  -0.72   0.70
  33)  -0.80   0.75
  33)  -0.89   0.82
  34)  -1.00   0.90
  34)  -1.14   1.00
  35)  -1.32   1.14
  35)  -1.57   1.31
  36)  -1.91   1.56
  36)  -2.44   1.94
  37)  -3.34   2.60
  37)  -5.24   3.98
  38) -11.91   8.81
  38)  48.05 -34.68
  39)   8.08  -5.68
  39)   4.45  -3.05
  40)   3.08  -2.06
  40)   2.37  -1.54
  41)   1.93  -1.22
  41)   1.63  -1.01
  42)   1.42  -0.85
  42)   1.25  -0.73
  43)   1.13  -0.64
  43)   1.03  -0.56
  44)   0.95  -0.50
  44)   0.89  -0.45
  45)   0.77  -0.42
  45)   0.74  -0.38
  46)   0.70  -0.34
  46)   0.67  -0.31
  47)   0.63  -0.29
  47)   0.60  -0.27
  48)   0.57  -0.25
  48)   0.55  -0.23
  49)   0.53  -0.22
  49)   0.51  -0.20
  50)   0.49  -0.19
  50)   0.47  -0.20
  51)   0.45  -0.27
  51)   0.44  -0.06
  52)   0.42  -0.10
  52)   0.41  -0.10
  53)   0.40  -0.10
  53)   0.39  -0.09
  54)   0.38  -0.09
  54)   0.37  -0.08
  55)   0.36  -0.07
  55)   0.35  -0.07
  56)   0.34  -0.06
  56)   0.33  -0.05
  57)   0.32  -0.05
  57)   0.29  -0.01
  58)   0.32  -0.05
  58)   0.31  -0.04
  59)   0.30  -0.04
  59)   0.29  -0.03
  60)   0.29  -0.03
  60)   0.28  -0.02
  61)   0.28  -0.02
  61)   0.27  -0.02
  62)   0.27  -0.01
  62)   0.26  -0.01
  63)   0.26  -0.01
  63)   0.25  -0.00
  64)   0.15   0.05
  64)   0.24   0.00
  65)   0.24   0.01
  65)   0.24   0.01
  66)   0.23   0.01
  66)   0.23   0.01
  67)   0.23   0.02
  67)   0.22   0.02
  68)   0.22   0.02
  68)   0.22   0.03
  69)   0.21   0.03
  69)   0.21   0.03
  70)   0.21   0.04
  70)   0.18  -0.01
  71)   0.20   0.03
  71)   0.20   0.03
  72)   0.19   0.04
  72)   0.19   0.04
  73)   0.19   0.04
  73)   0.19   0.04
  74)   0.19   0.04
  74)   0.18   0.04
  75)   0.18   0.04
  75)   0.18   0.04
  76)   0.19   0.04
  76)   0.21   0.03
  77)   0.11   0.10
  77)   0.15   0.07
  78)   0.16   0.07
  78)   0.16   0.07
  79)   0.15   0.07
  79)   0.15   0.07
  80)   0.15   0.07
  80)   0.15   0.07
  81)   0.15   0.07
  81)   0.14   0.07
  82)   0.14   0.07
  82)   0.14   0.08
  83)   0.11   0.09
  83)   0.17   0.07
  84)   0.15   0.08
  84)   0.14   0.08
  85)   0.14   0.08
  85)   0.14   0.08
  86)   0.14   0.08
  86)   0.13   0.08
  87)   0.13   0.09
  87)   0.13   0.09
  88)   0.13   0.09
  88)   0.12   0.09
  89)   0.12   0.09
  89)   0.09   0.12
  90)   0.13   0.08
  90)   0.13   0.09
  91)   0.12   0.09
  91)   0.12   0.09
  92)   0.12   0.09
  92)   0.12   0.10
  93)   0.11   0.10
  93)   0.11   0.10
  94)   0.11   0.10
  94)   0.11   0.10
  95)   0.11   0.10
  95)   0.11   0.10
  96)   0.11   0.05
  96)   0.10   0.11
  97)   0.10   0.11
  97)   0.10   0.11
  98)   0.10   0.11
  98)   0.10   0.11
  99)   0.10   0.11
  99)   0.10   0.11
 100)   0.09   0.11
 100)   0.09   0.12
 101)   0.09   0.12
 101)   0.09   0.12
 102)   0.10   0.12
 102)   0.03   0.10
 103)   0.07   0.12
 103)   0.08   0.12
 104)   0.08   0.12
 104)   0.08   0.12
 105)   0.07   0.12
 105)   0.07   0.12
 106)   0.07   0.13
 106)   0.07   0.13
 107)   0.07   0.13
 107)   0.06   0.13
 108)   0.06   0.13
 108)   0.04   0.13
 109)   0.10   0.15
 109)   0.07   0.14
 110)   0.07   0.14
 110)   0.07   0.14
 111)   0.06   0.14
 111)   0.06   0.14
 112)   0.06   0.15
 112)   0.06   0.15
 113)   0.06   0.15
 113)   0.05   0.15
 114)   0.05   0.16
 114)   0.05   0.18
 115)   0.05   0.26
 115)   0.05   0.07
 116)   0.05   0.12
 116)   0.05   0.13
 117)   0.04   0.14
 117)   0.04   0.14
 118)   0.04   0.14
 118)   0.04   0.15
 119)   0.04   0.15
 119)   0.04   0.15
 120)   0.03   0.15
 120)   0.03   0.15
 121)   0.03   0.15
 121)   0.05   0.12
 122)   0.02   0.17
 122)   0.02   0.16
 123)   0.02   0.17
 123)   0.02   0.17
 124)   0.02   0.17
 124)   0.01   0.17
 125)   0.01   0.17
 125)   0.01   0.17
 126)   0.01   0.17
 126)   0.01   0.17
 127)   0.00   0.18
 127)   0.00   0.18
