   0)  -0.02   0.36
   0)  -0.02   0.38
   1)  -0.01   0.38
   1)  -0.01   0.38
   2)  -0.02   0.37
   2)  -0.03   0.38
   3)  -0.03   0.39
   3)  -0.03   0.39
   4)  -0.04   0.39
   4)  -0.04   0.39
   5)  -0.05   0.40
   5)  -0.05   0.40
   6)  -0.06   0.40
   6)  -0.07   0.41
   7)  -0.07   0.41
   7)  -0.08   0.42
   8)  -0.08   0.42
   8)  -0.09   0.42
   9)  -0.10   0.43
   9)  -0.10   0.44
  10)  -0.11   0.44
  10)  -0.12   0.44
  11)  -0.13   0.45
  11)  -0.14   0.46
  12)  -0.13   0.47
  12)  -0.12   0.46
  13)  -0.14   0.49
  13)  -0.16   0.47
  14)  -0.18   0.48
  14)  -0.19   0.49
  15)  -0.19   0.50
  15)  -0.20   0.51
  16)  -0.21   0.51
  16)  -0.23   0.52
  17)  -0.24   0.53
  17)  -0.25   0.54
  18)  -0.26   0.55
  18)  -0.28   0.56
  19)  -0.29   0.57
  19)  -0.30   0.58
  20)  -0.31   0.59
  20)  -0.33   0.60
  21)  -0.35   0.61
  21)  -0.36   0.63
  22)  -0.38   0.64
  22)  -0.40   0.65
  23)  -0.43   0.67
  23)  -0.45   0.68
  24)  -0.46   0.70
  24)  -0.49   0.71
  25)  -0.53   0.72
  25)  -0.57   0.76
  26)  -0.60   0.80
  26)  -0.62   0.82
  27)  -0.65   0.84
  27)  -0.69   0.86
  28)  -0.74   0.90
  28)  -0.78   0.93
  29)  -0.83   0.97
  29)  -0.89   1.01
  30)  -0.96   1.06
  30)  -1.03   1.11
  31)  -1.11   1.18
  31)  -1.21   1.24
  32)  -1.32   1.32
  32)  -1.45   1.42
  33)  -1.60   1.53
  33)  -1.78   1.66
  34)  -2.01   1.82
  34)  -2.29   2.03
  35)  -2.65   2.29
  35)  -3.14   2.65
  36)  -3.83   3.15
  36)  -4.89   3.92
  37)  -6.71   5.24
  37) -10.52   8.02
  38) -23.88  17.74
  38)  96.48 -69.72
  39)  16.23 -11.44
  39)   8.92  -6.14
  40)   6.18  -4.14
  40)   4.75  -3.09
  41)   3.87  -2.45
  41)   3.27  -2.02
  42)   2.84  -1.71
  42)   2.51  -1.46
  43)   2.26  -1.28
  43)   2.05  -1.13
  44)   1.88  -1.01
  44)   1.74  -0.90
  45)   1.62  -0.81
  45)   1.52  -0.74
  46)   1.42  -0.68
  46)   1.34  -0.62
  47)   1.28  -0.57
  47)   1.21  -0.52
  48)   1.16  -0.48
  48)   1.10  -0.45
  49)   1.06  -0.41
  49)   1.02  -0.38
  50)   0.98  -0.36
  50)   0.93  -0.34
  51)   0.89  -0.31
  51)   0.86  -0.27
  52)   0.85  -0.24
  52)   0.83  -0.23
  53)   0.81  -0.22
  53)   0.78  -0.21
  54)   0.76  -0.19
  54)   0.74  -0.17
  55)   0.72  -0.16
  55)   0.70  -0.15
  56)   0.68  -0.13
  56)   0.67  -0.12
  57)   0.65  -0.11
  57)   0.64  -0.10
  58)   0.62  -0.09
  58)   0.61  -0.08
  59)   0.60  -0.07
  59)   0.59  -0.06
  60)   0.57  -0.06
  60)   0.56  -0.04
  61)   0.55  -0.04
  61)   0.55  -0.03
  62)   0.53  -0.03
  62)   0.52  -0.01
  63)   0.52   0.00
  63)   0.52   0.01
  64)   0.32   0.00
  64)   0.50  -0.01
  65)   0.48  -0.00
  65)   0.47   0.01
  66)   0.46   0.02
  66)   0.46   0.03
  67)   0.45   0.03
  67)   0.44   0.03
  68)   0.44   0.04
  68)   0.43   0.05
  69)   0.43   0.05
  69)   0.42   0.05
  70)   0.41   0.06
  70)   0.41   0.07
  71)   0.40   0.07
  71)   0.40   0.07
  72)   0.39   0.08
  72)   0.38   0.08
  73)   0.38   0.08
  73)   0.38   0.08
  74)   0.37   0.09
  74)   0.36   0.10
  75)   0.36   0.10
  75)   0.36   0.09
  76)   0.34   0.09
  76)   0.33   0.10
  77)   0.32   0.12
  77)   0.33   0.13
  78)   0.34   0.13
  78)   0.33   0.13
  79)   0.32   0.13
  79)   0.32   0.13
  80)   0.32   0.14
  80)   0.31   0.14
  81)   0.31   0.14
  81)   0.30   0.14
  82)   0.30   0.15
  82)   0.30   0.15
  83)   0.29   0.15
  83)   0.29   0.15
  84)   0.28   0.16
  84)   0.28   0.16
  85)   0.28   0.16
  85)   0.27   0.16
  86)   0.27   0.17
  86)   0.27   0.17
  87)   0.27   0.17
  87)   0.26   0.17
  88)   0.25   0.17
  88)   0.25   0.18
  89)   0.25   0.18
  89)   0.19   0.12
  90)   0.29   0.19
  90)   0.26   0.18
  91)   0.24   0.18
  91)   0.24   0.19
  92)   0.24   0.19
  92)   0.24   0.19
  93)   0.23   0.19
  93)   0.22   0.20
  94)   0.22   0.20
  94)   0.22   0.20
  95)   0.22   0.20
  95)   0.21   0.21
  96)   0.21   0.21
  96)   0.21   0.21
  97)   0.21   0.21
  97)   0.20   0.21
  98)   0.20   0.22
  98)   0.20   0.22
  99)   0.19   0.22
  99)   0.19   0.22
 100)   0.18   0.23
 100)   0.19   0.23
 101)   0.19   0.22
 101)   0.17   0.22
 102)   0.16   0.22
 102)   0.15   0.24
 103)   0.16   0.26
 103)   0.17   0.26
 104)   0.17   0.25
 104)   0.16   0.25
 105)   0.15   0.25
 105)   0.15   0.26
 106)   0.15   0.26
 106)   0.15   0.26
 107)   0.14   0.26
 107)   0.14   0.26
 108)   0.14   0.27
 108)   0.14   0.27
 109)   0.13   0.27
 109)   0.13   0.27
 110)   0.13   0.28
 110)   0.13   0.28
 111)   0.12   0.28
 111)   0.12   0.28
 112)   0.12   0.29
 112)   0.12   0.29
 113)   0.11   0.29
 113)   0.11   0.30
 114)   0.11   0.32
 114)   0.12   0.33
 115)   0.15   0.39
 115)   0.09   0.22
 116)   0.09   0.26
 116)   0.08   0.27
 117)   0.08   0.29
 117)   0.08   0.29
 118)   0.08   0.29
 118)   0.07   0.30
 119)   0.07   0.30
 119)   0.07   0.31
 120)   0.06   0.31
 120)   0.06   0.31
 121)   0.05   0.31
 121)   0.05   0.32
 122)   0.05   0.32
 122)   0.05   0.32
 123)   0.04   0.33
 123)   0.04   0.33
 124)   0.03   0.33
 124)   0.03   0.33
 125)   0.02   0.34
 125)   0.02   0.34
 126)   0.02   0.35
 126)   0.02   0.34
 127)   0.01   0.34
 127)  -0.01   0.34
