0111111111111111
0000000000000000
0111111101100010
0000110010001011
0111110110001010
0001100011111000
0111101001111101
0010010100101000
0111011001000001
0011000011111011
0111000011100010
0011110001010110
0110101001101101
0100011100011100
0110001011110001
0101000100110011
0101101010000010
0101101010000010
0101000100110011
0110001011110010
0100011100011100
0110101001101101
0011110001010110
0111000011100010
0011000011111011
0111011001000001
0010010100100111
0111101001111101
0001100011111000
0111110110001010
0000110010001011
0111111101100010
0000000000000000
0111111111111111
1111001101110101
0111111101100010
1110011100001000
0111110110001010
1101101011011000
0111101001111100
1100111100000101
0111011001000001
1100001110101010
0111000011100010
1011100011100011
0110101001101101
1010111011001101
0110001011110001
1010010101111110
0101101010000010
1001110100001110
0101000100110011
1001010110010011
0100011100011100
1000111100011110
0011110001010110
1000100110111111
0011000011111011
1000010110000011
0010010100100111
1000001001110110
0001100011111000
1000000010011110
0000110010001011
