          0           6
          0           7
          0           0
          0           1
          0           2
          0           3
          0           4
          0           5
          0           6
          0           7
         -4           0
       1112           1
         -4           2
      -6215           3
         -4           4
       5156           5
         -4           6
      -5203           7
         -4           0
       1112           1
         -4           2
      -6215           3
         -4           4
       5156           5
         -4           6
