          0           6
          0           7
          x           7
          x           0
          x           1
          x           2
          x           3
          x           4
          x           5
          x           6
          x           7
         -4           7
         -4           0
       2228           0
       2228           1
         -4           1
         -4           2
     -12427           2
     -12427           3
         -4           3
         -4           4
      10317           4
      10317           5
         -4           5
         -4           6
     -10401           6
     -10401           7
         -4           7
         -4           0
       2228           0
       2228           1
         -4           1
         -4           2
     -12427           2
     -12427           3
         -4           3
         -4           4
      10317           4
      10317           5
         -4           5
