          0           6
          0           7
          x           7
          x           0
          x           1
          x           2
          x           3
          x           4
          x           5
          x           6
          x           7
      -2444           7
      -2444           0
        230           0
        230           1
     -26421           1
     -26421           2
     -18895           2
     -18895           3
      18885           3
      18885           4
      26405           4
      26405           5
       -241           5
       -241           6
       2434           6
       2434           7
      -2444           7
      -2444           0
        230           0
        230           1
     -26421           1
     -26421           2
     -18895           2
     -18895           3
      18885           3
      18885           4
      26405           4
      26405           5
       -241           5
