          0           6
          0           7
          0           0
          0           1
          0           2
          0           3
          0           4
          0           5
          0           6
          0           7
       -616           0
         57           1
      -6651           2
      -4758           3
       4752           4
       6645           5
        -61           6
        611           7
       -616           0
         57           1
      -6651           2
      -4758           3
       4752           4
       6645           5
        -61           6
