32767
   0
10125
31164
-26509
19260
-26509
-19260
10126
-31164
32767
   0
10125
31164
-26510
19260
-26509
-19261
10126
-31163
32767
   0
10124
31164
-26510
19259
-26509
-19261
10127
-31163
32767
   1
10124
31164
-26510
19259
-26508
-19261
10127
-31163
32767
   1
10123
31164
-26511
19258
-26508
-19262
10128
-31163
32767
   2
10123
31164
-26511
19258
-26508
-19262
10128
-31163
32767
   2
10123
31165
-26511
19258
-26508
-19263
10128
-31163
32767
   3
10122
31165
-26511
19257
-26507
-19263
10129
-31163
32767
   3
10122
31165
-26512
19257
-26507
-19263
10129
-31162
32767
   4
10121
31165
-26512
19256
-26507
-19264
10130
-31162
32767
   4
10121
31165
-26512
19256
-26506
-19264
10130
-31162
32767
   5
10120
31165
-26513
19256
-26506
-19265
10131
-31162
32767
   5
10120
31166
-26513
19255
-26506
-19265
