 127
   0
  39
 120
-102
  74
-102
 -74
  39
-120
 127
   0
  39
 120
-102
  74
-102
 -74
  39
-120
 127
   0
  39
 120
-102
  74
-102
 -74
  39
-120
 127
   0
  39
 120
-102
  74
-102
 -74
  39
-120
 127
   0
  39
 120
-102
  74
-102
 -74
  39
-120
 127
   0
  39
 120
-102
  74
-102
 -74
  39
-120
 127
   0
  39
 120
-102
  74
-102
 -74
  39
-120
 127
   0
  39
 120
-102
  74
-102
 -74
  39
-120
 127
   0
  39
 120
-102
  74
-102
 -74
  39
-120
 127
   0
  39
 120
-102
  74
-102
 -74
  39
-120
 127
   0
  39
 120
-102
  74
-102
 -74
  39
-120
 127
   0
  39
 120
-102
  74
-102
 -74
  39
-120
 127
   0
  39
 120
-102
  74
-102
 -74
