 127
   0
 -19
 123
-114
 -37
  51
-100
  83
  60
 -63
  63
 -43
 -60
  51
 -26
  12
  37
 -19
   3
   0
   0
 -19
  -3
  12
 -37
  51
  26
 -43
  60
 -63
 -63
  83
 -60
  51
 100
-114
  37
 -19
-123
 127
   0
 -19
 123
-114
 -37
  51
-100
  83
  60
 -63
  63
 -43
 -60
  51
 -26
  12
  37
 -19
   3
   0
   0
 -19
  -3
  12
 -37
  51
  26
 -43
  60
 -63
 -63
  83
 -60
  51
 100
-114
  37
 -19
-123
 127
   0
 -19
 123
-114
 -37
  51
-100
  83
  60
 -63
  63
 -43
 -60
  51
 -26
  12
  37
 -19
   3
   0
   0
 -19
  -3
  12
 -37
  51
  26
 -43
  60
 -63
 -63
  83
 -60
  51
 100
-114
  37
 -19
-123
 127
   0
 -19
 123
-114
 -37
  51
-100
