 127
   0
  39
 121
-103
  75
-103
 -75
  39
-121
 127
   0
  39
 121
-103
  75
-103
 -75
  39
-121
 127
   0
  39
 121
-103
  75
-103
 -75
  39
-121
 127
   0
  39
 121
-103
  75
-103
 -75
  39
-121
 127
   0
  39
 121
-103
  75
-103
 -75
  39
-121
 127
   0
  39
 121
-103
  75
-103
 -75
  39
-121
 127
   0
  39
 121
-103
  75
-103
 -75
  39
-121
 127
   0
  39
 121
-103
  75
-103
 -75
  39
-121
 127
   0
  39
 121
-103
  75
-103
 -75
  39
-121
 127
   0
  39
 121
-103
  75
-103
 -75
  39
-121
 127
   0
  39
 121
-103
  75
-103
 -75
  39
-121
 127
   0
  39
 121
-103
  75
-103
 -75
  39
-121
 127
   0
  39
 121
-103
  75
-103
 -75
