          0           6
          0           7
          0           0
          0           1
          0           2
          0           3
          0           4
          0           5
          0           6
          0           7
         -4           0
       2228           1
         -4           2
     -12427           3
         -4           4
      10317           5
         -4           6
     -10401           7
         -4           0
       2228           1
         -4           2
     -12427           3
         -4           4
      10317           5
         -4           6
