          0           6
          0           7
          0           0
          0           1
          0           2
          0           3
          0           4
          0           5
          0           6
          0           7
      -2444           0
        230           1
     -26421           2
     -18895           3
      18885           4
      26405           5
       -241           6
       2434           7
      -2444           0
        230           1
     -26421           2
     -18895           3
      18885           4
      26405           5
       -241           6
