32767
0
33551
62385
29714
5910
39350
57592
21741
9005
48729
56552
11824
7901
58322
59616
3309
3309
65195
65120
63934
63139
2556
4783
62855
59063
2212
7294
64103
58333
617
6270
0
60855
65271
2688
115
64953
411
64180
64339
2889
2066
61670
62714
4223
3281
61538
62226
3309
2847
63199
63618
1281
624
65202
860
65179
63207
706
3566
64826
61144
432
4681
0
61144
65103
3566
709
63207
64829
860
356
624
333
63618
64254
2847
2336
62226
62226
3281
3997
62714
61312
2066
3865
64339
62646
411
1355
115
582
65271
62847
0
4681
617
59265
64103
7202
2212
58241
62855
6472
2556
60752
63934
2396
65195
415
3309
62226
58322
5919
11824
57634
48729
8983
21741
56530
39350
7943
29714
59625
33551
3150
33551
62385
30917
6149
37099
56909
24795
10270
45179
54655
15541
10384
54753
56686
6471
6471
62623
61986
292
438
1332
2493
63500
60620
1994
6575
64077
58203
705
7167
65535
59355
65085
4569
516
62937
65367
557
65004
1283
1446
62830
63147
3574
3160
61685
61949
3586
3549
62623
62531
2007
1994
64469
64894
265
64662
265
2340
65070
61986
349
4328
65535
60966
65085
4244
844
62123
64500
2204
913
64730
65105
64958
65150
1748
1434
62981
62981
2912
3549
62717
61318
2348
4393
63890
61563
890
2935
65265
64173
65478
64956
0
2649
450
60966
64330
6061
2090
58643
62674
6907
3239
59476
62580
4423
1793
63350
372
65163
61986
2912
7609
60451
53234
6575
17268
58383
43448
6700
26323
60300
35963
2912
31522
0
29714
5910
37099
56909
25880
10719
43223
53609
18091
12088
51915
54358
9297
9297
60062
58866
2404
3598
65301
65097
64516
63073
1455
4799
64272
59183
690
7013
0
58746
64964
5798
844
61291
64811
2389
210
65028
617
64381
63929
2404
2571
62403
62215
3320
3696
62502
61937
2404
3003
63930
63566
815
626
65345
844
65368
63297
220
3361
0
61475
65136
4244
844
61631
64351
3105
1286
63552
64475
715
478
506
415
64028
64028
2160
2632
63131
61937
2254
4217
63738
61197
1176
3878
64971
62699
128
1302
65535
548
244
63050
64691
4244
1691
59960
62937
6272
3322
59320
61937
5385
3181
61659
63651
1884
65152
315
3598
63131
57927
4067
12148
60503
48674
5114
21340
61291
40357
2479
28012
0
35963
62623
39350
57592
24795
10270
43223
53609
18999
12695
50344
53068
11252
11252
58001
56355
4329
6479
63693
62088
171
414
698
2303
64652
61093
573
5822
0
59170
64934
6102
1026
60375
64401
3740
863
63452
65302
437
64879
983
1656
63516
62947
2588
3278
62845
61944
2399
3447
63693
62693
1177
1842
64977
64956
115
64762
76
2031
65535
62514
65238
3614
718
61795
64401
3404
1410
62858
64104
1689
1128
64934
65042
65117
65117
1221
1488
63826
62978
1842
3447
63883
61545
1231
4058
64821
61945
256
2599
65535
64353
48
65042
65095
2212
1134
61795
63522
4861
2890
60127
61999
5292
3711
61013
62333
3202
1860
64008
373
65286
62088
1842
7199
62554
54171
3447
15607
62431
45978
1926
22850
0
40357
63056
26323
5235
21741
9005
45179
54655
18091
12088
50344
53068
11950
11950
56853
54956
5674
8492
62376
59625
1286
3105
65424
65166
65132
63505
381
3876
65535
60504
64999
5448
1028
60363
64222
4330
1286
62430
64621
1710
236
65181
645
64749
63947
1588
2433
63538
62502
2026
3275
63785
62430
1286
2531
64768
63911
323
506
65486
668
0
63797
65364
2561
509
62503
64616
3105
1286
62741
64042
2171
1450
64185
64427
472
472
322
393
64615
64159
1247
2333
64249
62430
1078
3554
64824
61958
308
3132
65535
63289
65436
1012
65452
418
563
63679
64249
3105
2133
61544
62606
4385
3472
61304
61978
3557
3011
63064
63814
1150
65195
181
3105
64249
59123
1945
10017
63543
51915
1341
16901
65535
45978
63609
21340
4244
43448
58835
48729
56552
15541
10384
51915
54358
11252
11252
56853
54956
6157
9214
61637
58241
2076
5013
64745
62930
60
306
164
1668
65535
62381
65136
4054
864
61188
64296
4086
1402
62150
64252
2400
872
64229
65317
266
64953
582
1406
64382
63416
1416
2605
64143
62757
1151
2605
64745
63434
417
1334
65404
65124
65535
64997
65482
1387
276
63512
64922
2370
982
63135
64252
2133
1425
63901
64194
1000
1000
65192
65117
65307
65193
632
1182
64716
63556
790
2605
64949
62585
289
2939
0
62986
65357
1810
160
64728
100
65205
64934
1451
1283
63135
63500
3046
2709
62234
62401
3134
3149
62951
62913
1752
1478
64745
288
65416
62930
790
5322
64477
57304
810
11082
65535
51915
64194
15607
3104
48674
60421
17268
7152
11824
7901
54753
56686
9297
9297
58001
56355
5674
8492
61637
58241
2362
5702
64360
61660
396
1992
65513
65303
0
64284
65305
2342
593
62553
64575
3165
1219
62591
64246
2411
1128
63846
64792
906
182
65353
475
65146
64407
754
1677
64639
63499
843
2148
64884
63543
396
1591
65379
64535
0
305
30
396
78
64525
65229
1457
603
63846
64633
1689
1128
64055
64321
1115
1115
64866
64719
224
336
144
271
65153
64611
464
1529
65139
63543
220
2233
0
63331
65349
1893
264
64204
65357
588
65437
238
552
64502
64407
1689
1734
63421
63282
2253
2557
63437
63007
1689
2076
64426
64380
478
65312
67
1992
65139
61505
396
6172
0
57304
64725
10017
1992
54171
62088
12148
5032
53234
58960
58322
59616
6471
6471
60062
58866
4329
6479
62376
59625
2076
5013
64360
61660
518
2606
65405
64209
65535
152
65455
816
301
64021
64956
1909
830
63530
64550
1844
996
64044
64690
1030
543
64992
65405
107
65200
224
785
65116
64382
477
1384
65116
64091
287
1326
65405
64486
0
653
64
65338
65496
65282
65459
640
265
64622
65047
1044
698
64505
64690
888
888
64879
64735
384
576
65411
65302
65458
65349
190
628
65331
64507
130
1326
65535
64063
65394
1439
243
64311
65277
852
154
65163
79
65386
65108
639
845
64505
64267
1268
1616
64209
63731
1205
1759
64595
64108
591
785
65297
150
65506
64209
130
2657
65535
61505
65139
5322
1058
59123
63590
7199
2981
57927
61468
7609
5084
3309
3309
62623
61986
2404
3598
63693
62088
1286
3105
64745
62930
396
1992
65405
64209
0
668
7
65459
80
65132
65311
741
382
64611
65022
960
582
64663
64964
695
472
65063
65237
244
70
65488
178
65440
65123
170
599
65354
64824
141
735
65463
64867
0
523
51
65212
65471
96
29
122
50
65229
65372
431
288
65048
65136
472
472
65136
65048
288
431
65372
65229
50
122
29
96
65471
65212
51
523
0
64867
65463
735
141
64824
65354
599
170
65123
65440
178
65488
70
244
65237
65063
472
695
64964
64663
582
960
65022
64611
382
741
65311
65132
80
65459
7
668
0
64209
65405
1992
396
62930
64745
3105
1286
62088
63693
3598
2404
61986
62623
65195
65120
292
438
65301
65097
171
414
65424
65166
60
306
65513
65303
65535
152
7
65459
65534
8
65522
45
34
65453
65481
101
69
65432
65459
93
73
65462
65476
48
36
65511
65527
4
65514
8
49
65521
65465
14
82
65527
65451
65535
76
7
65476
65524
36
10
65525
65531
65522
65528
33
22
65489
65498
51
51
65487
65476
40
60
65507
65483
15
36
65531
65521
65533
65524
3
37
0
65475
65528
76
16
65452
65511
79
27
65469
65511
45
12
65516
6
65528
65504
31
59
65487
65450
57
106
65479
65420
47
109
65502
65448
17
47
65531
8
0
65459
65528
150
29
65312
65468
288
119
65195
65354
373
249
65152
65220
372
372
63934
63139
1332
2493
64516
63073
698
2303
65132
63505
164
1668
65535
64284
65455
816
80
65132
65522
45
65438
234
224
65115
65193
512
425
65017
65079
456
428
65184
65193
228
209
65423
65487
19
65416
36
269
65482
65152
37
446
65535
65083
65491
403
80
65225
65441
187
77
65481
65506
65467
65490
165
135
65309
65309
246
300
65307
65193
182
342
65413
65240
62
204
65520
65455
65529
65474
0
202
31
65213
65455
403
132
65100
65365
412
181
65195
65383
228
79
65439
36
65499
65352
150
342
65307
65047
261
596
65288
64894
194
604
65415
65061
46
253
65535
47
4
65132
65455
785
238
64380
65057
1478
790
63814
64385
1860
1527
63651
63651
1793
2185
2556
4783
63500
60620
1455
4799
64652
61093
381
3876
0
62381
65305
2342
301
64021
65311
741
34
65453
224
65115
65037
746
735
64639
64643
892
939
64764
64668
579
683
65170
65122
171
94
65507
229
65490
65020
50
725
0
64699
65453
839
167
64794
65311
563
233
65199
65356
97
65
119
97
65251
65251
381
465
65130
64928
365
683
65256
64861
174
575
65457
65141
15
153
0
117
37
65156
65417
598
224
64794
65208
790
396
64794
65132
603
328
65135
65370
165
65460
62
371
65287
64852
365
963
65136
64372
352
1237
65289
64381
113
897
0
65061
65489
65448
65518
741
224
64108
64944
2076
1109
62913
63783
3011
2471
62333
62333
3181
3876
62580
61112
62855
59063
1994
6575
64272
59183
573
5822
65535
60504
65136
4054
593
62553
64956
1909
382
64611
65481
101
65193
512
735
64639
64476
1059
1259
64502
64230
872
1188
64900
64611
382
552
65368
65411
24
65234
29
668
0
64603
65444
1065
211
64477
65215
924
382
64841
65164
409
273
65418
65439
65395
65395
329
402
65104
64889
444
832
65153
64611
273
902
65384
64773
50
517
0
65336
14
65385
65439
483
228
64782
65153
924
521
64560
64932
902
594
64811
65063
472
234
65343
105
65465
65026
272
924
65153
64246
391
1539
65229
63914
159
1497
0
64381
65422
604
120
109
33
64611
65153
1759
940
63007
63846
3149
2584
61978
61978
3711
4522
61937
60150
3239
6059
2212
7294
64077
58203
690
7013
0
59170
64999
5448
864
61188
64575
3165
830
63530
65022
960
69
65432
425
65017
64643
892
1259
64502
64061
985
1506
64730
64181
560
1042
65219
64919
122
137
65522
329
0
64811
65464
1000
198
64405
65193
1111
460
64575
65022
712
476
65121
65195
116
116
137
167
65221
65065
398
745
65143
64587
316
1042
65335
64529
82
841
65535
64970
65514
215
65503
161
155
65022
65208
791
513
64575
64867
1000
749
64622
64814
721
562
65074
65262
183
65414
65
580
65295
64493
316
1437
65250
63836
167
1773
65535
63914
65376
1237
246
64894
65341
65420
65488
960
513
63731
64330
2557
2098
62401
62401
3472
4231
61999
60243
3322
6215
62674
58628
64103
58333
705
7167
0
58746
64934
6102
1028
60363
64296
4086
1219
62591
64550
1844
582
64663
65459
93
65079
456
939
64764
64230
872
1506
64730
64015
629
1351
65126
64507
204
602
65476
65402
65535
65220
65504
687
136
64595
65250
1051
435
64513
64989
872
582
64897
65012
365
365
65435
65413
65420
65362
257
480
65224
64783
287
946
65331
64507
96
984
0
64721
65482
542
40
65331
46
65384
65338
477
389
64807
64953
872
735
64640
64731
804
759
64912
64953
389
279
65386
122
65485
64956
175
1028
65331
64130
138
1645
0
63836
65368
1539
306
64372
65183
596
247
106
56
64663
64953
1616
1326
63282
63282
2709
3301
62606
61150
2890
5408
62937
59263
2090
6892
617
6270
65535
59355
64964
5798
1026
60375
64222
4330
1402
62150
64246
2411
996
64044
64964
695
73
65462
428
65184
64668
579
1188
64900
64181
560
1351
65126
64347
236
895
65447
65016
0
113
11
267
53
64960
65361
778
322
64674
65075
826
552
64840
64964
500
500
65254
65193
75
113
84
157
65356
65103
202
669
65370
64703
88
895
65535
64687
65467
695
91
65077
65484
171
65483
125
209
65144
65142
588
571
64840
64832
703
755
64916
64835
468
530
65252
65284
104
65426
33
509
65434
64640
88
1211
65535
64130
65397
1437
285
64246
65144
963
399
65047
65274
65450
65478
695
571
64267
64267
1734
2114
63500
62489
2133
3991
63522
60674
1691
5575
64330
59474
0
60855
65085
4569
844
61291
64401
3740
1286
62430
64252
2400
1128
63846
64690
1030
472
65063
65476
48
65193
228
683
65170
64611
382
1042
65219
64507
204
895
65447
64867
0
384
37
65452
65519
65342
65477
412
170
64983
65240
603
403
64964
65067
472
472
65202
65129
183
273
65488
65446
65485
65413
100
332
65434
65026
61
627
0
64867
65474
627
101
65026
65435
332
50
65413
47
65446
65352
273
333
65129
65063
472
571
65067
64932
403
552
65240
65123
170
193
65477
83
65519
65151
37
668
0
64640
65447
1028
204
64493
65219
924
382
64852
65170
342
228
59
48
65063
65063
845
1030
64407
63846
1283
2400
64249
62430
1134
3740
64691
61291
450
4569
65271
2688
516
62937
64811
2389
863
63452
64621
1710
872
64229
64792
906
543
64992
65237
244
36
65511
209
65423
65122
171
552
65368
64919
122
602
65476
65016
65535
384
37
65317
65492
46
14
107
44
65308
65414
300
200
65212
65270
301
301
65291
65237
168
252
65446
65368
22
53
22
73
65496
65339
29
298
0
65172
65498
384
70
65179
65448
286
76
65350
65499
67
65503
48
120
65389
65321
214
298
65291
65181
236
369
65338
65202
138
246
65461
65421
22
65487
4
222
0
65151
65498
509
101
64956
65360
580
240
65026
65263
371
248
65352
65385
65504
65504
244
298
65108
64896
552
1033
64934
64084
563
1856
65095
63323
244
2485
0
62886
115
64953
65367
557
210
65028
65302
437
236
65181
65317
266
182
65353
65405
107
70
65488
65527
4
65487
19
94
65507
65411
24
137
65522
65402
65535
113
11
65452
65519
46
14
65526
65531
65513
65523
47
31
65474
65485
65
65
65476
65463
47
70
65504
65477
15
38
65532
65523
65532
65519
4
43
0
65470
65528
79
16
65452
65512
76
25
65475
65515
38
9
65521
8
65526
65506
29
51
65493
65465
47
82
65491
65450
35
75
65512
65480
11
25
65533
10
0
65487
65531
83
16
65426
65502
122
50
65414
65470
105
70
65460
65473
36
36
6
7
65488
65465
79
149
65437
65297
100
330
65452
65117
48
493
0
64987
65478
579
411
64180
65004
1283
617
64381
64879
983
645
64749
64953
582
475
65146
65200
224
178
65440
65514
8
65416
36
229
65490
65234
29
329
65535
65220
65504
267
53
65342
65477
107
44
65513
65523
65485
65502
104
85
65402
65402
139
169
65411
65350
95
178
65475
65388
28
95
65530
65505
65532
65495
65535
105
15
65379
65498
187
58
65342
65463
176
74
65397
65477
87
25
65504
21
65514
65458
63
132
65447
65357
95
206
65450
65325
63
185
65499
65401
13
61
65535
25
2
65421
65513
193
58
65284
65431
279
149
65262
65352
234
192
65370
65370
79
96
12
19
65440
65357
154
372
65357
64947
160
807
65436
64523
0
1182
128
64233
65265
1362
64339
2889
1446
62830
63929
2404
1656
63516
63947
1588
1406
64382
64407
754
785
65116
65123
170
49
65521
269
65482
65020
50
668
0
64811
65464
687
136
64960
65361
412
170
65308
65414
47
31
104
85
65324
65324
265
323
65266
65132
232
435
65365
65123
102
336
65493
65320
6
67
65535
88
22
65304
65468
340
122
65132
65365
412
198
65164
65343
288
147
65356
65473
62
65483
42
183
65413
65225
165
412
65365
65063
143
475
65441
65119
41
298
0
65401
65522
65480
65524
246
74
65123
65365
530
283
64953
65146
562
461
65063
65063
328
400
65383
65307
65511
65490
170
412
65277
64683
264
1331
65357
63725
65535
2246
256
62936
64971
2836
890
62600
2066
61670
63147
3574
2571
62403
62947
2588
2433
63538
63416
1416
1677
64639
64382
477
599
65354
65465
14
65152
37
725
65535
64603
65444
1000
198
64595
65250
778
322
64983
65240
300
200
65474
65485
65402
65402
265
323
65210
65048
320
599
65271
64896
181
599
65439
65052
30
306
65535
65441
12
65412
65472
319
141
65070
65310
545
295
64983
65208
490
308
65160
65305
230
96
65456
78
65483
65263
145
455
65347
64936
181
678
65401
64859
66
586
65535
65119
65494
185
36
75
23
65202
65397
552
295
64835
65067
759
623
64814
64814
594
724
65132
64932
181
340
27
66
65354
64936
243
1224
65349
63642
0
2549
308
62403
64821
3590
1176
61657
63890
3972
62714
4223
3160
61685
62215
3320
3278
62845
62502
2026
2605
64143
63499
843
1384
65116
64824
141
82
65527
446
65535
64699
65453
1065
211
64405
65193
1051
435
64674
65075
603
403
65212
65270
65
65
139
169
65266
65132
320
599
65234
64808
232
767
65394
64824
55
568
0
65178
65525
109
65507
141
109
65175
65320
520
322
64932
65132
603
433
65007
65137
398
291
65296
65415
80
65439
51
330
65399
64989
165
711
65394
64738
78
787
65535
64859
65469
475
94
65325
65472
65450
65500
369
197
64932
65132
755
619
64731
64731
749
913
64932
64633
396
741
65365
65123
65511
65456
141
711
65394
64096
0
2204
289
62596
64824
3577
1231
61477
63738
4338
2348
61142
3281
61538
61949
3586
3696
62502
61944
2399
3275
63785
62757
1151
2148
64884
64091
287
735
65463
65451
0
65083
65491
839
167
64477
65215
1111
460
64513
64989
826
552
64964
65067
301
301
65476
65463
65411
65350
232
435
65271
64896
232
767
65376
64735
72
735
0
64954
65500
362
21
65426
42
65395
65389
354
270
65029
65149
579
468
64964
65043
492
443
65171
65216
213
129
65466
103
65493
65187
105
570
65422
64800
72
816
65535
64738
65457
678
134
65063
65392
206
85
82
44
65181
65299
571
468
64832
64832
735
895
64867
64535
521
975
65208
64745
132
435
16
83
65463
64800
65535
1472
220
63302
64949
2950
1078
61981
63883
3990
2254
61318
62717
4217
62226
3309
3549
62623
61937
2404
3447
63693
62430
1286
2605
64745
63543
396
1326
65405
64867
0
76
7
403
80
64794
65311
924
382
64575
65022
872
582
64840
64964
472
472
65291
65237
47
70
95
178
65365
65123
181
599
65394
64824
72
735
0
64867
65484
523
64
65212
65506
96
65485
122
163
65229
65247
431
399
65048
65063
472
487
65136
65104
288
306
65372
65413
50
65439
29
323
65471
65012
51
668
0
64800
65463
711
141
64936
65354
412
170
65357
65440
65465
65488
298
244
65063
65063
571
695
64953
64663
513
960
65153
64611
224
741
65455
65132
65528
65459
0
668
130
64209
65139
1992
790
62930
64249
3105
1842
62088
63131
3598
2912
61986
2847
63199
62531
2007
3003
63930
62693
1177
2531
64768
63434
417
1591
65379
64486
0
523
51
65476
65524
65225
65441
563
233
64841
65164
712
476
64897
65012
500
500
65202
65129
168
252
65504
65477
65475
65388
102
336
65439
65052
55
568
65535
64954
65484
523
80
65129
65460
248
30
65462
49
65443
65384
227
259
65220
65185
350
406
65202
65123
275
360
65343
65283
104
100
65505
78
65520
65278
25
414
0
65012
65484
570
113
64989
65370
455
188
65225
65370
132
88
51
42
65321
65321
333
406
65142
64947
389
728
65208
64744
228
753
65417
64937
31
322
65535
60
51
65012
65331
1028
464
64006
64716
1979
1247
63202
63826
2557
2160
62903
62981
2554
63618
1281
1994
64469
63566
815
1842
64977
63911
323
1334
65404
64535
0
653
64
65212
65471
36
10
187
77
65199
65356
409
273
65121
65195
365
365
65254
65193
183
273
65446
65368
15
38
28
95
65493
65320
30
306
65535
65178
65500
362
64
65212
65460
248
62
65386
65512
43
65499
54
108
65403
65355
180
240
65339
65262
183
273
65389
65299
97
163
65486
65471
12
65486
4
162
65535
65278
65510
323
64
65187
65430
330
136
65263
65390
183
122
65458
65472
65506
65506
120
146
65352
65262
209
391
65338
65058
155
513
65439
65052
37
379
0
65333
3
65498
65471
323
190
64907
65153
924
632
64353
64615
1376
1221
64047
64028
1507
1748
64101
624
65202
64894
265
626
65345
64956
115
506
65486
65124
0
305
30
65338
65496
96
29
65525
65531
65481
65506
97
65
65418
65439
116
116
65435
65413
75
113
65488
65446
22
53
65532
65523
65530
65505
6
67
65535
65441
65525
109
21
65426
65506
96
30
65462
65512
43
8
65523
12
65520
65498
37
60
65486
65456
52
89
65488
65447
36
75
65513
65484
10
20
65534
15
65535
65486
65531
78
15
65439
65506
103
42
65439
65484
78
52
65483
65493
21
21
8
9
65503
65487
47
89
65483
65410
46
151
65503
65374
14
150
65535
65418
65529
61
65533
11
29
65439
65458
186
144
65264
65307
342
322
65142
65117
418
506
65120
64958
385
860
65179
64662
265
844
65368
64762
76
668
0
64997
65482
396
78
65282
65459
122
50
65522
65528
65467
65490
119
97
65395
65395
137
167
65420
65362
84
157
65485
65413
22
73
65532
65519
65532
65495
65535
88
12
65412
65507
141
42
65395
65485
122
49
65443
65499
54
12
65520
18
65517
65482
43
85
65478
65425
59
122
65485
65416
36
101
65515
65467
6
26
0
20
1
65471
65523
100
30
65413
65485
129
69
65415
65455
96
79
65473
65473
25
31
9
14
65499
65468
50
122
65484
65364
40
204
65514
65320
65535
199
15
65382
65520
80
65531
14
50
65413
65411
233
224
65199
65192
418
472
65063
64934
493
715
65057
64730
430
63207
706
2340
65070
63297
220
2031
0
63797
65364
1387
276
64525
65229
640
265
65229
65372
33
22
165
135
65251
65251
329
402
65221
65065
257
480
65356
65103
100
332
65496
65339
4
43
65535
105
22
65304
65472
319
109
65175
65389
354
163
65229
65384
227
108
65403
65498
37
65482
43
150
65435
65297
127
302
65410
65203
100
321
65472
65267
26
180
0
65467
65529
65484
65525
163
49
65283
65431
306
163
65216
65322
291
239
65305
65305
147
179
65477
65448
65515
65497
76
185
65435
65203
91
458
65482
64993
0
565
50
65018
65457
394
62
65331
15
65499
65372
306
384
64959
64866
816
1000
64535
64185
1108
1689
64407
63552
1060
2204
64622
3566
64826
61986
349
3361
65535
62514
65238
2561
509
63512
64922
1457
603
64622
65047
431
288
65489
65498
65309
65309
381
465
65104
64889
398
745
65224
64783
202
669
65434
65026
29
298
65535
65470
15
65379
65468
340
141
65070
65320
520
270
65029
65247
431
259
65220
65355
180
60
65486
85
65478
65297
127
372
65381
65067
142
509
65434
65048
47
403
65535
65267
65509
101
20
75
22
65299
65438
360
192
65104
65247
443
364
65137
65137
308
375
65343
65247
74
138
25
60
65448
65249
101
509
65467
64840
0
814
82
64694
65384
762
174
64960
65413
295
65507
52
288
65104
64879
800
1115
64420
63901
1341
2171
64085
62858
1431
3105
64249
62123
1035
61144
432
4328
65535
61475
65136
3614
718
62503
64616
2370
982
63846
64633
1044
698
65048
65136
51
51
246
300
65130
64928
444
832
65143
64587
287
946
65370
64703
61
627
0
65172
65528
79
65498
187
122
65132
65310
545
322
64932
65149
579
399
65048
65185
350
240
65339
65456
52
65425
59
302
65410
65067
142
582
65420
64908
61
594
65535
65048
65488
321
63
65416
65499
65447
65499
273
146
65123
65260
487
399
65043
65043
433
528
65208
65045
198
371
65463
65359
65512
65459
70
356
65474
64908
65535
848
96
64551
65335
1006
273
64633
65256
674
182
65193
40
65475
65136
487
888
64647
64055
1214
2133
64110
62741
1493
3404
64125
61631
1184
4244
64691
4681
0
60966
65085
4244
844
61795
64401
3105
1286
63135
64252
1689
1128
64505
64690
472
472
65487
65476
65307
65193
365
683
65153
64611
316
1042
65331
64507
88
895
0
64867
65498
384
16
65452
58
65342
65365
412
295
64983
65132
603
468
64964
65063
472
406
65202
65262
183
89
65488
122
65485
65203
100
509
65434
64908
61
668
0
64908
65474
509
101
65203
65435
122
50
89
47
65262
65352
406
333
65063
65063
468
571
65132
64932
295
552
65365
65123
58
193
16
83
65498
65151
0
668
88
64640
65331
1028
316
64493
65153
924
365
64852
65307
342
65487
59
472
65063
64505
845
1689
64407
63135
1283
3105
64249
61795
1134
4244
64691
60966
450
61144
65103
4244
844
61631
64351
3404
1410
62741
64042
2133
1425
64055
64321
888
888
65136
65048
40
60
182
342
65256
64861
273
902
65335
64529
96
984
65535
64687
65474
627
70
65179
65512
76
65463
176
198
65164
65208
490
433
65007
65043
492
487
65136
65123
275
273
65389
65447
36
65416
36
321
65472
65048
47
594
0
64908
65474
582
115
65067
65393
302
125
65425
65476
65456
65483
240
196
65185
65185
399
487
65149
64956
322
603
65310
64990
122
403
65498
65348
65528
65456
0
363
61
64908
65370
832
287
64589
65143
948
444
64703
65130
607
246
65235
51
65484
65048
399
1044
64837
63846
902
2370
64553
62503
919
3614
64817
61475
399
4328
0
3566
709
62123
64500
3105
1286
62858
64104
2171
1450
63901
64194
1115
1115
64879
64735
288
431
65507
65483
65413
65240
174
575
65384
64773
82
841
0
64721
65467
695
101
65026
65448
286
25
65475
74
65397
65343
288
308
65160
65137
398
443
65171
65104
288
360
65343
65299
97
75
65513
101
65515
65267
26
403
0
65048
65488
509
101
65067
65393
372
154
65297
65408
85
57
60
49
65355
65355
259
315
65247
65104
270
506
65320
65015
141
465
65468
65195
15
156
65535
65
29
65237
65434
509
202
64866
65224
752
398
64790
65104
646
381
65070
65309
226
65489
37
431
65247
64622
488
1457
64932
63512
613
2561
65026
62514
297
3361
0
61986
65186
63207
64829
2204
913
63552
64475
1689
1128
64185
64427
1000
1000
64866
64719
384
576
65372
65229
15
36
62
204
65457
65141
50
517
0
64970
65482
542
91
65077
65435
332
76
65350
65515
38
65477
87
147
65356
65305
230
291
65296
65216
213
306
65372
65283
104
163
65486
65484
10
65467
6
180
65535
65267
65509
321
63
65203
65435
302
125
65297
65408
150
100
65482
65492
65498
65498
108
132
65384
65308
163
306
65389
65181
109
360
65472
65216
22
231
65535
65430
4
65492
65496
196
100
65203
65356
432
257
65055
65221
470
329
65133
65251
284
165
65400
33
65513
65229
163
640
65270
64525
306
1387
65259
63797
171
2031
65535
63297
65315
2340
465
860
356
64730
65105
715
478
64934
65042
472
472
65192
65117
224
336
65411
65302
50
122
65531
65521
65520
65455
15
153
65535
65336
65514
215
40
65331
65484
171
50
65413
65499
67
9
65521
25
65504
65473
62
96
65456
65415
80
129
65466
65413
50
100
65505
65471
12
20
65534
26
65535
65467
65529
101
20
65416
65499
122
50
65425
65476
85
57
65482
65492
18
18
12
15
65499
65481
49
92
65485
65413
42
140
65507
65394
12
123
65535
65447
65532
40
65532
16
22
65462
65485
122
84
65378
65420
173
137
65368
65395
140
119
65438
65467
45
65522
7
122
65485
65282
76
396
65457
64997
53
668
65535
64762
65459
844
167
64662
65270
624
333
64958
65150
506
415
65117
65117
322
393
65307
65193
144
271
65458
65349
29
96
65533
65524
65529
65474
65535
117
14
65385
65503
161
46
65384
65483
125
47
65446
65503
48
8
65526
21
65514
65483
42
78
65483
65439
51
103
65493
65439
29
78
65520
65486
4
15
0
20
1
65484
65525
75
22
65447
65499
89
47
65456
65483
60
49
65498
65498
12
15
8
12
65512
65492
30
73
65506
65439
21
109
65525
65426
65535
94
6
65468
65530
30
65532
12
22
65482
65488
89
75
65422
65435
122
116
65419
65418
96
97
65470
65481
29
65525
4
96
65506
65338
39
305
65505
65124
65535
506
49
64956
65420
626
190
64894
65270
63618
64254
1748
1434
64028
64028
1221
1488
64615
64159
632
1182
65153
64611
190
628
65471
65212
3
37
0
202
37
65156
65439
483
155
65022
65338
477
209
65144
65352
273
120
65389
65506
29
65458
63
183
65413
65263
145
330
65399
65187
105
323
65471
65278
25
162
0
65486
65531
65471
65523
163
49
65299
65438
273
146
65262
65352
240
196
65355
65355
108
132
65499
65481
65512
65492
62
149
65460
65287
64
323
65500
65173
65535
357
30
65229
65493
215
28
65440
15
65497
65446
167
183
65262
65254
342
365
65170
65121
340
409
65262
65199
179
187
65458
36
65525
65212
64
653
65471
64535
65535
1334
131
63911
65212
1842
558
63566
64720
1994
1066
2847
2336
62981
62981
2160
2632
63826
62978
1247
2333
64716
63556
464
1529
65331
64507
51
523
65535
65475
31
65213
65417
598
228
64782
65208
791
389
64807
65142
588
333
65129
65321
214
51
65493
132
65447
65225
165
455
65347
64989
165
570
65422
65012
51
414
65535
65278
65510
78
15
100
30
65283
65431
360
192
65123
65260
406
333
65185
65185
259
315
65384
65308
49
92
30
73
65460
65287
80
406
65484
65012
65535
581
55
64967
65439
483
102
65199
65475
147
65504
58
168
65283
65202
406
500
65035
64897
523
712
65059
64841
371
563
65302
65225
94
65476
11
523
65484
64486
65535
1591
156
63434
65118
2531
767
62693
64358
3003
1605
62531
63528
62226
62226
2912
3549
63131
61937
1842
3447
64249
62430
790
2605
65139
63543
130
1326
0
64867
65528
76
65455
403
224
64794
65153
924
513
64575
64953
872
571
64840
65063
472
298
65291
65465
47
65357
95
412
65365
64936
181
711
65394
64800
72
668
0
65012
65484
323
64
65439
65506
65413
65485
306
163
65104
65247
487
399
65063
65063
399
487
65247
65104
163
306
65485
65413
65506
65439
64
323
65484
65012
0
668
72
64800
65394
711
181
64936
65365
412
95
65357
47
65465
65291
298
472
65063
64840
571
872
64953
64575
513
924
65153
64794
224
403
65455
76
65528
64867
0
1326
130
63543
65139
2605
790
62430
64249
3447
1842
61937
63131
3549
2912
3281
3997
62717
61318
2254
4217
63883
61545
1078
3554
64949
62585
220
2233
65535
64063
65463
735
16
65452
132
65100
65208
790
521
64560
64867
1000
735
64640
64832
703
571
65067
65181
236
82
65491
206
65450
65063
143
678
65401
64738
78
816
0
64800
65463
570
113
65187
65430
103
42
129
69
65216
65322
443
364
65043
65043
468
571
65149
64956
270
506
65389
65181
42
140
21
109
65500
65173
0
581
72
64800
65376
800
232
64768
65271
639
232
65100
65411
185
65476
72
301
65234
64964
468
826
64983
64513
546
1111
65075
64477
320
839
65368
65083
44
65451
65535
735
72
64091
65248
2148
651
62757
64384
3275
1750
61944
63136
3696
3033
61949
61949
62714
61312
2348
4393
63738
61197
1231
4058
64824
61958
289
2939
0
63331
65394
1439
141
64824
65511
79
65365
412
396
64794
64932
902
749
64622
64731
804
755
64916
64932
403
369
65338
65450
35
65325
63
475
65441
64859
66
787
0
64738
65457
711
141
64989
65370
330
136
65439
65484
65415
65455
291
239
65137
65137
433
528
65132
64932
322
603
65320
65015
109
360
65507
65394
65525
65426
0
357
55
64967
65394
711
232
64768
65234
727
320
64936
65266
403
139
65366
65
65470
65212
265
603
65132
64674
460
1051
65100
64405
342
1065
65324
64699
82
446
0
82
8
64824
65394
1384
419
63499
64692
2605
1392
62502
63509
3278
2690
62215
62215
3160
3850
2066
3865
63890
61563
1176
3878
64821
61945
308
3132
0
62986
65349
1893
243
64311
65354
599
27
65469
181
65195
65132
603
594
64811
64814
721
759
64912
64835
468
552
65240
65202
138
75
65512
185
65499
65119
41
586
0
64859
65469
678
134
64936
65354
455
188
65263
65390
78
52
96
79
65305
65305
308
375
65208
65045
295
552
65310
64990
141
465
65472
65216
12
123
65535
94
30
65229
65439
483
181
64936
65271
639
320
64936
65210
487
265
65212
65402
133
65474
50
300
65335
64983
295
778
65213
64595
285
1000
65337
64603
91
725
0
65152
65498
65465
65521
599
181
64382
65058
1677
896
63416
64119
2433
1997
62947
62947
2571
3132
63147
61961
64339
62646
890
2935
64971
62699
256
2599
65535
63289
65357
1810
264
64204
65277
852
170
65123
65511
45
65383
228
328
65135
65063
472
562
65074
64953
389
530
65252
65123
170
246
65461
65480
11
65401
13
298
65535
65119
65494
475
94
65063
65392
412
170
65225
65370
183
122
65483
65493
65473
65473
147
179
65343
65247
198
371
65365
65123
122
403
65468
65195
22
231
65535
65447
6
65468
65493
215
102
65199
65365
412
232
65100
65266
403
265
65212
65324
211
104
65450
47
65504
65308
121
412
65365
64960
174
687
65399
64811
71
668
65535
65020
65485
269
53
49
14
65123
65365
785
419
64407
64781
1406
1153
63947
63947
1656
2019
63929
63131
1446
2705
411
1355
65265
64173
128
1302
0
64353
65436
1012
160
64728
65357
588
154
65163
65440
178
12
65516
79
65439
65370
165
234
65343
65262
183
279
65386
65284
104
193
65477
65421
22
25
65533
61
0
65401
65522
185
36
65325
65472
206
85
65357
65440
132
88
65458
65472
21
21
25
31
65477
65448
74
138
65463
65359
58
193
65498
65348
15
156
65535
65430
65532
40
65530
30
28
65440
65475
147
95
65357
65411
185
139
65366
65402
133
104
65450
65485
33
65513
12
107
65491
65342
58
267
65482
65220
31
329
0
65234
65506
229
45
65416
65499
65514
65527
178
95
65200
65311
475
389
64953
64953
645
786
64879
64552
617
1154
65004
64252
115
582
65478
64956
0
548
48
65042
65452
418
100
65205
65437
238
79
65386
65488
70
6
65528
36
65499
65460
62
105
65465
65414
65
122
65485
65426
33
83
65519
65487
4
10
0
25
2
65480
65524
75
23
65450
65500
82
44
65465
65488
51
42
65506
65506
8
9
9
14
65515
65497
25
60
65512
65459
16
83
65528
65456
0
65
4
65492
65532
16
65532
12
15
65497
65504
58
47
65465
65476
72
65
65470
65474
50
47
65504
65513
12
65526
4
46
65521
65452
16
113
65524
65402
0
137
13
65411
65511
94
28
65487
65516
65527
65531
70
47
65405
65428
182
182
65317
65269
236
354
65302
65098
210
507
65367
64978
65271
62847
0
2649
244
63050
65095
2212
563
63679
64934
1451
552
64502
65108
639
244
65237
65504
31
65352
150
371
65287
65026
272
580
65295
64956
175
509
65434
65151
37
222
65535
65487
65531
65421
65513
246
74
65202
65397
369
197
65181
65299
298
244
65321
65321
120
146
65503
65487
65499
65468
76
185
65448
65249
70
356
65498
65151
0
363
29
65237
65496
196
22
65462
22
65482
65446
167
168
65283
65291
298
301
65234
65212
265
300
65335
65308
121
107
65491
46
65521
65317
43
384
65498
65016
0
602
59
64919
65413
552
167
65122
65364
209
112
36
24
65237
65291
543
543
64792
64629
872
1306
64621
63825
863
2083
64811
63146
516
2598
0
4681
450
60966
64691
4244
1134
61795
64249
3105
1283
63135
64407
1689
845
64505
65063
472
59
65487
342
65307
64852
365
924
65153
64493
316
1028
65331
64640
88
668
0
65151
65498
83
16
193
58
65123
65365
552
295
64932
65132
571
468
65063
65063
333
406
65352
65262
47
89
50
122
65435
65203
101
509
65474
64908
0
668
61
64908
65434
509
100
65203
65485
122
65488
89
183
65262
65202
406
472
65063
64964
468
603
65132
64983
295
412
65365
65342
58
65452
16
384
65498
64867
0
895
88
64507
65331
1042
316
64611
65153
683
365
65193
65307
65476
65487
472
472
64690
64505
1128
1689
64252
63135
1286
3105
64401
61795
844
4244
65085
60966
617
59265
64330
6061
1691
59960
63522
4861
2133
61544
63500
3046
1734
63421
64267
1268
695
64964
65450
57
65047
261
963
65136
64246
391
1437
65250
64130
138
1211
0
64640
65447
509
101
65426
65502
65284
65431
530
283
64835
65067
755
619
64832
64832
571
695
65142
64947
209
391
65483
65410
65484
65364
91
458
65467
64840
65535
848
88
64640
65370
832
202
64866
65356
432
84
65378
75
65422
65254
342
500
65035
64840
571
826
64983
64674
460
778
65213
64960
174
267
65482
113
65524
65016
65535
895
88
64347
65299
1351
409
64181
64975
1188
635
64668
64956
428
351
73
73
64964
64840
996
1491
64246
63124
1402
3385
64222
61205
1026
5160
64964
59737
65535
6180
64103
7202
2090
58643
62937
6272
2890
60127
62606
4385
2709
62234
63282
2253
1616
64209
64663
582
106
65479
596
65288
64372
352
1539
65229
63836
167
1645
65535
64130
65397
1028
204
64956
65360
122
50
279
149
64953
65146
759
623
64731
64731
735
895
64953
64663
389
728
65338
65058
46
151
40
204
65482
64993
0
814
96
64551
65331
1028
287
64589
65224
752
257
65055
65420
173
65435
122
365
65170
64897
523
872
64953
64513
546
1051
65100
64595
285
687
65399
65220
31
65402
0
602
59
64507
65331
1351
409
64015
64906
1506
805
64230
64663
939
771
65079
65079
65459
65442
582
872
64550
63691
1219
2944
64296
61449
1028
5172
64934
59433
0
6789
705
58368
2212
58241
62674
6907
3322
59320
61999
5292
3472
61304
62401
3134
2557
63437
63731
1205
960
65022
65420
47
64894
194
1237
65289
63914
159
1773
0
63836
65368
1437
285
64493
65219
580
240
65414
65470
65262
65352
562
461
64814
64814
749
913
64867
64535
513
960
65208
64744
155
513
65503
65374
65514
65320
65535
565
82
64694
65335
1006
316
64493
65143
948
398
64790
65221
470
137
65368
116
65419
65121
340
712
65059
64575
513
1111
65075
64405
342
1000
65337
64811
71
329
65535
137
13
64919
65413
1042
316
64181
64975
1506
805
64061
64550
1259
1033
64643
64643
425
518
69
103
65022
64575
830
2005
64575
62370
864
4347
64999
60087
0
6365
690
58522
64077
7332
62855
6472
3239
59476
61937
5385
3711
61013
61978
3557
3149
62951
63007
1689
1759
64595
64611
382
109
65502
604
65415
64381
113
1497
65535
63914
65376
1539
306
64246
65144
924
382
65026
65263
105
70
234
192
65063
65063
594
724
64932
64633
521
975
65153
64611
228
753
65439
65052
14
150
0
199
50
65018
65384
762
273
64633
65153
924
444
64703
65104
646
329
65133
65395
140
65418
96
409
65262
64841
371
924
65153
64477
320
1065
65324
64603
91
668
65535
65234
65506
65411
65511
552
167
64611
65153
1188
635
64230
64663
1259
1033
64476
64476
735
896
65193
65023
65481
65434
382
924
64956
63626
593
2982
65136
61481
65535
5031
573
59713
64272
6352
1994
58960
2556
60752
62580
4423
3181
61659
62333
3202
3011
63064
62913
1752
2076
64426
64108
591
741
65311
65448
17
65061
46
897
0
64381
65422
1237
246
64372
65183
963
399
64852
65170
371
248
65460
65473
65370
65370
328
400
65132
64932
396
741
65208
64745
224
741
65417
64937
37
379
0
65418
15
65382
65457
394
174
64960
65256
674
365
64852
65130
607
381
65070
65251
284
119
65438
97
65470
65199
179
563
65302
64794
224
839
65368
64699
82
725
0
65020
65485
229
45
94
28
65122
65364
683
365
64668
64956
939
771
64643
64643
735
896
65037
64789
224
420
34
82
65311
64794
301
1514
65305
63193
0
3154
381
61659
64652
4442
1455
60736
63500
4915
63934
2396
1793
63350
63651
1884
1860
64008
63814
1150
1478
64745
64380
478
785
65297
65132
80
47
65531
253
0
65061
65489
604
120
64894
65341
596
247
65047
65274
342
228
65352
65385
36
36
79
96
65383
65307
181
340
65365
65123
132
435
65455
65132
31
322
0
65333
65529
61
65520
80
62
65331
65413
295
182
65193
65307
342
246
65235
65309
226
165
65400
65467
45
65481
29
187
65458
65225
94
403
65455
65083
44
446
0
65152
65498
269
53
65416
65499
65487
65516
209
112
65193
65307
428
351
65079
65079
425
518
65193
65023
224
420
65438
65301
65522
65490
80
403
65455
64719
65535
1251
164
63867
65132
2030
698
63232
64516
2462
1332
63042
65195
415
372
65163
65152
315
373
65286
65195
181
288
65416
65312
67
150
65506
65459
7
8
65535
47
4
65448
65518
109
33
65420
65488
106
56
65450
65478
59
48
65504
65504
6
7
12
19
65511
65490
27
66
65511
65456
16
83
65528
65459
0
60
3
65498
65533
11
65531
14
15
65499
65507
52
40
65475
65487
59
51
65484
65489
37
33
65513
65522
7
65525
4
36
65525
65476
11
76
65528
65451
0
82
8
65465
65521
49
14
65514
65527
65527
65531
36
24
65476
65487
73
73
65459
65442
69
103
65481
65434
34
82
65522
65490
65534
65527
7
76
65535
65383
65513
232
60
65229
65424
369
171
65121
65301
438
292
65097
3309
62226
61986
2912
3598
63131
62088
1842
3105
64249
62930
790
1992
65139
64209
130
668
0
65459
65528
65132
65455
741
224
64611
65153
960
513
64663
64953
695
571
65063
65063
244
298
65488
65465
65440
65357
170
412
65354
64936
141
711
65463
64800
0
668
51
65012
65471
323
29
65439
50
65413
65372
306
288
65104
65136
487
472
65063
65048
399
431
65247
65229
163
122
65485
96
65506
65212
64
523
65484
64867
0
735
72
64824
65394
599
181
65123
65365
178
95
70
47
65237
65291
472
472
64964
64840
582
872
65022
64575
382
924
65311
64794
80
403
7
76
0
64867
65405
1326
396
63543
64745
2605
1286
62430
63693
3447
2404
61937
62623
3549
58322
5919
7609
60451
57927
4067
7199
62554
59123
1945
5322
64477
61505
396
2657
0
64209
65405
150
29
785
238
64108
64944
1759
940
63731
64330
1616
1326
64267
64267
845
1030
65108
64896
79
149
154
372
65277
64683
243
1224
65394
64096
65535
1472
130
64209
65331
1028
190
64907
65458
186
65411
233
384
64959
64879
800
888
64647
64505
845
1044
64837
64622
488
640
65270
65282
76
65338
39
653
65471
64486
65535
1326
130
64091
65248
1384
419
64382
65058
785
419
65200
65311
65405
65428
543
543
64690
64505
996
1491
64550
63691
830
2005
64956
63626
301
1514
65455
64719
65535
65383
65405
1326
518
62929
64360
3875
2076
60522
62376
5910
4329
59056
60062
6669
6471
59064
11824
57634
53234
6575
12148
60503
54171
3447
10017
63543
57304
810
6172
65535
61505
65139
1992
396
65312
65468
64380
65057
2076
1109
63007
63846
2557
2098
63282
63282
1734
2114
64407
63846
552
1033
65437
65297
65357
64947
264
1331
65349
63642
0
2204
220
63302
65139
1992
464
64006
65153
924
144
65264
224
65199
64866
816
1115
64420
64055
1214
1689
64407
63846
902
1457
64932
64525
306
396
65457
305
65505
64535
0
1591
156
63543
65139
2148
651
63499
64692
1677
896
64407
64781
475
389
182
182
64792
64629
1128
1689
64246
63124
1219
2944
64575
62370
593
2982
65305
63193
0
1251
65513
232
396
63543
64360
3875
2362
59833
61637
7294
5674
57043
58001
9180
9297
56238
54753
8849
48729
8983
17268
58383
48674
5114
15607
62431
51915
1341
11082
0
57304
64725
5322
1058
62930
64745
288
119
1478
790
62913
63783
3149
2584
62401
62401
2709
3301
63500
62489
1283
2400
64934
64084
100
330
160
807
65357
63725
0
2549
289
62596
64949
2950
790
62930
64716
1979
632
64353
65307
342
65192
418
1000
64535
63901
1341
2133
64110
63135
1283
2370
64553
63512
613
1387
65259
64997
53
65124
0
1334
131
63434
65118
2605
790
62757
64384
2605
1392
63416
64119
1406
1153
64953
64953
65317
65269
872
1306
64252
63135
1402
3385
64296
61449
864
4347
65136
61481
65535
3154
164
63867
60
65229
64745
2605
2076
60522
61637
7294
6157
56321
56853
10579
11252
54283
51915
11177
15541
55151
21741
56530
43448
6700
21340
61291
45978
1926
16901
0
51915
64194
10017
1992
59123
63590
3105
1286
65195
65354
63814
64385
3011
2471
61978
61978
3472
4231
62606
61150
2133
3991
64249
62430
563
1856
65452
65117
65436
64523
65535
2246
308
62403
64824
3577
1078
61981
64249
3105
1247
63202
64615
1376
322
65142
472
65063
64185
1108
2171
64085
62741
1493
3105
64249
62503
919
2561
65026
63797
171
668
65535
506
49
63911
65212
2531
767
62430
64249
3275
1750
62502
63509
2433
1997
63947
63947
645
786
236
354
64621
63825
1286
3105
64222
61205
1028
5172
64999
60087
65535
5031
381
61659
65132
2030
65424
369
1286
62430
62376
5910
5674
57043
56853
10579
11950
53585
50344
12467
18091
53447
45179
10880
39350
7943
26323
60300
40357
2479
22850
0
45978
63609
15607
3104
54171
62088
7199
2981
62088
63693
373
249
1860
1527
62333
62333
3711
4522
61999
60243
2890
5408
63522
60674
1134
3740
65095
63323
48
493
65535
1182
256
62936
64821
3590
1231
61477
63883
3990
1842
62088
63826
2557
1221
64047
65117
418
64934
493
1689
64407
62858
1431
3404
64125
61795
1134
3614
64817
62514
297
2031
0
64762
65459
64956
65420
1842
558
62693
64358
3447
1842
61944
63136
3278
2690
62947
62947
1656
2019
64879
64552
65302
65098
863
2083
64401
61795
1026
5160
64934
59433
0
6365
573
59713
64652
4442
698
63232
171
65121
63693
3447
4329
59056
58001
9180
11252
54283
50344
12467
18999
52840
43223
11926
24795
55265
29714
59625
35963
2912
28012
65535
40357
63056
21340
4244
48674
60421
12148
5032
57927
61468
3598
2404
65152
65220
63651
63651
3181
3876
61937
60150
3322
6215
62937
59263
1691
5575
64691
61291
244
2485
65535
64987
128
64233
64971
2836
1176
61657
63738
4338
2254
61318
63131
3598
2160
62903
64028
1507
506
65120
715
65057
63552
1060
3105
64249
61631
1184
4244
64691
61475
399
3361
65535
63297
65315
844
167
626
190
63566
64720
3003
1605
61937
63131
3696
3033
62215
62215
2571
3132
63929
63131
617
1154
210
507
64811
63146
844
4244
64964
59737
0
6789
690
58522
64272
6352
1455
60736
64516
2462
65301
438
2404
61937
60062
6669
9297
56238
51915
11177
18091
53447
43223
11926
25880
54816
37099
8626
33551
3150
31522
65535
35963
62623
26323
5235
43448
58835
17268
7152
53234
58960
7609
5084
61986
62623
372
372
1793
2185
62580
61112
3239
6059
62674
58628
2090
6892
64330
59474
450
4569
0
62886
65478
579
65265
1362
890
62600
63890
3972
2348
61142
62717
4217
2912
61986
62981
2554
1748
64101
64958
385
64730
430
2204
64622
62123
1035
4244
64691
60966
450
4328
0
61986
65186
2340
465
64662
65270
64894
65270
1994
1066
62531
63528
3549
2912
61949
61949
3160
3850
63147
61961
1446
2705
65004
64252
65367
64978
516
2598
65085
60966
65535
6180
705
58368
64077
7332
1994
58960
63500
4915
1332
63042
292
65097
62623
3549
6471
59064
54753
8849
15541
55151
45179
10880
24795
55265
37099
8626
30917
59386
