32767
0
29714
5910
21741
9005
11824
7901
3309
3309
-1602
-2397
-2681
-6473
-1433
-7203
0
-4681
115
-583
-1197
2889
-2822
4223
-3310
3309
-1918
1281
860
-357
3566
-710
4681
0
3566
709
860
356
-1918
-1282
-3310
-3310
-2822
-4224
-1197
-2890
115
582
0
4681
-1433
7202
-2681
6472
-1602
2396
3309
-3310
11824
-7902
21741
-9006
29714
-5911
-31985
-3151
-28437
-8627
-20357
-10881
-10783
-8850
-2913
-3550
1332
2493
1994
6575
705
7167
-451
4569
-169
557
1446
-2706
3160
-3851
3549
-2913
1994
-1067
-874
265
-3550
349
-4570
-451
-3413
-1036
-806
-431
1748
1434
2912
3549
2348
4393
890
2935
-58
-580
450
-4570
2090
-6893
3239
-6060
1793
-2186
-3550
2912
-12302
6575
-22088
6700
-29573
2912
29714
5910
25880
10719
18091
12088
9297
9297
2404
3598
-1020
-2463
-1264
-6353
0
-6790
844
-4245
210
-508
-1607
2404
-3321
3320
-3599
2404
-1970
815
844
-168
3361
0
4244
844
3105
1286
715
478
-1508
-1508
-2405
-3599
-1798
-4339
-565
-2837
-1
548
-845
4244
-2599
6272
-3599
5385
-1885
1884
3598
-2405
12148
-5033
21340
-4245
28012
0
-26186
-7944
-22313
-11927
-15192
-12468
-7535
-9181
-1843
-3448
698
2303
573
5822
-602
6102
-1135
3740
-234
437
1656
-2020
3278
-2691
3447
-1843
1842
-559
-774
76
-3022
-298
-3741
-1135
-2678
-1432
-602
-494
1221
1488
1842
3447
1231
4058
256
2599
48
-494
1134
-3741
2890
-5409
3711
-4523
1860
-1528
-3448
1842
-11365
3447
-19558
1926
-25179
-2480
21741
9005
18091
12088
11950
11950
5674
8492
1286
3105
-404
-2031
-1
-5032
1028
-5173
1286
-3106
236
-355
-1589
1588
-3034
2026
-3106
1286
-1625
323
668
0
2561
509
3105
1286
2171
1450
472
472
-921
-1377
-1287
-3106
-712
-3578
-1
-2247
-84
418
-1287
3105
-2930
4385
-3558
3557
-1722
1150
3105
-1287
10017
-1993
16901
-1
21340
4244
-16807
-8984
-13621
-11178
-8683
-10580
-3899
-7295
-791
-2606
164
1668
-400
4054
-1240
4086
-1284
2400
-219
266
1406
-1154
2605
-1393
2605
-791
1334
-132
-539
-54
-2024
-614
-2401
-1284
-1635
-1342
-344
-419
632
1182
790
2605
289
2939
-179
1810
100
-331
1283
-2401
2709
-3302
3149
-2585
1478
-791
-2606
790
-8232
810
-13621
-1342
-16862
-5115
11824
7901
9297
9297
5674
8492
2362
5702
396
1992
0
-1252
593
-2983
1219
-2945
1128
-1690
182
-183
-1129
754
-2037
843
-1993
396
-1001
0
396
78
1457
603
1689
1128
1115
1115
224
336
-383
-925
-397
-1993
0
-2205
264
-1332
-99
238
-1129
1689
-2254
2253
-2529
1689
-1156
478
1992
-397
6172
0
10017
1992
12148
5032
-7214
-5920
-5474
-6670
-3160
-5911
-1176
-3876
-131
-1327
-81
816
-580
1909
-986
1844
-846
1030
-131
107
785
-420
1384
-420
1326
-131
653
64
-254
-77
-914
-489
-1031
-846
-657
-801
-125
-234
190
628
130
1326
-142
1439
-259
852
79
-150
845
-1031
1616
-1327
1759
-941
785
-239
-1327
130
-4031
-397
-6413
-1946
-7609
-4068
3309
3309
2404
3598
1286
3105
396
1992
0
668
80
-404
382
-925
582
-873
472
-473
70
-48
-413
170
-712
141
-669
0
-324
-65
122
50
431
288
472
472
288
431
50
122
-65
-324
0
-669
141
-712
170
-413
-48
70
-473
472
-873
582
-925
382
-404
80
668
0
1992
396
3105
1286
3598
2404
-341
-416
-235
-439
-112
-370
-23
-233
7
-77
-14
45
-55
101
-77
93
-60
48
-9
4
49
-15
82
-9
76
7
36
10
-14
-8
-47
-38
-49
-60
-29
-53
-5
-15
3
37
-8
76
-25
79
-25
45
6
-8
59
-49
106
-57
109
-34
47
-5
-77
-8
-224
-68
-341
-182
-384
-316
-1602
-2397
-1020
-2463
-404
-2031
-1
-1252
80
-404
-98
234
-343
512
-457
456
-343
228
-49
19
269
-54
446
-1
403
80
187
77
-69
-46
-227
-227
-229
-343
-123
-296
-16
-81
0
202
-81
403
-171
412
-153
228
36
-37
342
-229
596
-248
604
-121
253
-1
-404
-81
-1156
-479
-1722
-1151
-1885
-1885
2556
4783
1455
4799
381
3876
-231
2342
-225
741
224
-421
735
-897
939
-772
683
-366
94
-29
-516
50
-837
-83
-742
-225
-337
-180
119
97
381
465
365
683
174
575
15
153
37
-380
224
-742
396
-742
328
-401
-76
62
-684
365
-1164
352
-1155
113
-475
-47
741
224
2076
1109
3011
2471
3181
3876
-2681
-6473
-1264
-6353
-1
-5032
593
-2983
382
-925
-343
512
-1060
1059
-1306
872
-925
382
-125
24
668
0
1065
211
924
382
409
273
-141
-141
-432
-647
-383
-925
-152
-763
0
-200
-97
483
-383
924
-604
902
-473
472
105
-71
924
-383
1539
-307
1497
0
604
120
-925
-383
-2529
-1690
-3558
-3558
-3599
-5386
2212
7294
690
7013
-537
5448
-961
3165
-514
960
425
-519
1259
-1034
1506
-806
1042
-317
137
-14
-725
-72
-1131
-343
-961
-514
-415
-341
137
167
398
745
316
1042
82
841
-22
215
155
-514
513
-961
749
-914
562
-462
-122
65
-1043
316
-1700
167
-1622
-160
-642
-195
960
513
2557
2098
3472
4231
3322
6215
-1433
-7203
0
-6790
1028
-5173
1219
-2945
582
-873
-457
456
-1306
872
-1521
629
-1029
204
-134
-1
687
136
1051
435
872
582
365
365
-116
-174
-312
-753
-205
-1029
0
-815
40
-205
-198
477
-583
872
-805
804
-583
389
122
-51
1028
-205
1645
0
1539
306
596
247
-873
-583
-2254
-2254
-2930
-4386
-2599
-6273
617
6270
-572
5798
-1314
4330
-1290
2411
-572
695
428
-352
1188
-636
1351
-410
895
-89
113
11
-576
-175
-862
-461
-696
-572
-282
-343
84
157
202
669
88
895
-69
695
-52
171
209
-392
571
-696
755
-620
530
-284
-110
33
-896
88
-1406
-139
-1290
-392
-489
-262
695
571
1734
2114
2133
3991
1691
5575
0
-4681
844
-4245
1286
-3106
1128
-1690
472
-473
-343
228
-925
382
-1029
204
-669
0
-84
-17
412
170
603
403
472
472
183
273
-51
-123
-102
-510
0
-669
101
-510
50
-123
-184
273
-473
472
-604
403
-413
170
83
-17
668
0
1028
204
924
382
342
228
-473
-473
-1129
-1690
-1287
-3106
-845
-4245
-265
2688
-725
2389
-915
1710
-744
906
-299
244
209
-113
552
-168
602
-60
384
37
46
14
-228
-122
-324
-266
-245
-299
-90
-168
22
73
29
298
-38
384
-88
286
-37
67
120
-147
298
-245
369
-198
246
-75
-49
4
-385
-38
-580
-176
-510
-273
-184
-151
244
298
552
1033
563
1856
244
2485
115
-583
210
-508
236
-355
182
-183
70
-48
-49
19
-125
24
-134
-1
-84
-17
-10
-5
47
31
65
65
47
70
15
38
-4
-17
0
-66
16
-84
25
-61
9
-15
-30
29
-71
47
-86
35
-56
11
10
0
83
16
122
50
105
70
36
36
-48
-71
-99
-239
-84
-419
0
-549
411
-1356
617
-1155
645
-787
475
-390
178
-96
-120
36
-302
29
-316
-32
-194
-59
-23
-13
104
85
139
169
95
178
28
95
-4
-41
15
-157
58
-194
74
-139
25
-32
-78
63
-179
95
-211
63
-135
13
25
2
193
58
279
149
234
192
79
96
-96
-179
-179
-589
-100
-1013
128
-1303
-1197
2889
-1607
2404
-1589
1588
-1129
754
-413
170
269
-54
668
0
687
136
412
170
47
31
-212
-212
-270
-404
-171
-413
-43
-216
-1
88
-68
340
-171
412
-193
288
-63
62
183
-123
412
-171
475
-95
298
0
-56
-12
-413
-171
-583
-390
-473
-473
-153
-229
170
412
264
1331
-1
2246
-565
2836
2066
-3866
2571
-3133
2433
-1998
1677
-897
599
-182
-384
37
-933
-92
-941
-286
-553
-296
-62
-51
265
323
320
599
181
599
30
306
12
-124
141
-466
295
-553
308
-376
96
-80
-273
145
-600
181
-677
66
-417
-42
75
23
552
295
759
623
594
724
181
340
-182
-600
-187
-1894
308
-3133
1176
-3879
-2822
4223
-3321
3320
-3034
2026
-2037
843
-712
141
446
-1
1065
211
1051
435
603
403
65
65
-270
-404
-302
-728
-142
-712
0
-358
-29
141
-216
520
-404
603
-399
398
-121
80
330
-137
711
-142
787
-1
475
94
-86
-36
-604
-404
-805
-805
-604
-903
-171
-413
141
711
0
2204
-712
3577
-1798
4338
3281
-3998
3696
-3034
3275
-1751
2148
-652
735
-73
-453
-45
-1059
-321
-1023
-547
-572
-469
-60
-73
232
435
232
767
72
735
-36
362
42
-141
270
-507
468
-572
443
-365
129
-70
-349
105
-736
72
-798
-79
-473
-144
82
44
571
468
735
895
521
975
132
435
-73
-736
220
-2234
1078
-3555
2254
-4218
-3310
3309
-3599
2404
-3106
1286
-1993
396
-669
0
403
80
924
382
872
582
472
472
47
70
-171
-413
-142
-712
0
-669
64
-324
-51
122
-289
431
-473
472
-432
288
-123
50
323
-65
668
0
711
141
412
170
-71
-48
-473
-473
-583
-873
-383
-925
-81
-404
0
668
-397
1992
-1287
3105
-2405
3598
2847
-2337
3003
-1606
2531
-768
1591
-157
523
51
-311
-95
-695
-372
-639
-524
-334
-407
-32
-59
102
336
55
568
-52
523
-76
248
49
-93
259
-316
406
-334
360
-193
100
-31
-258
25
-524
-52
-547
-166
-311
-166
51
42
333
406
389
728
228
753
31
322
51
-524
464
-1530
1247
-2334
2160
-2633
-1918
1281
-1970
815
-1625
323
-1001
0
-324
-65
187
77
409
273
365
365
183
273
15
38
-43
-216
-1
-358
64
-324
62
-150
-37
54
-181
180
-274
183
-237
97
-65
12
162
-1
323
64
330
136
183
122
-30
-30
-184
-274
-198
-478
-97
-484
0
-203
-65
323
-383
924
-921
1376
-1508
1507
624
-334
626
-191
506
-50
305
30
96
29
-55
-30
-118
-97
-101
-123
-48
-90
-4
-13
6
67
-11
109
-30
96
-24
43
12
-16
60
-50
89
-48
75
-23
20
-2
-50
-5
-97
-30
-97
-52
-53
-43
8
9
47
89
46
151
14
150
-7
61
29
-97
144
-272
322
-394
506
-416
860
-357
844
-168
668
0
396
78
122
50
-69
-46
-141
-141
-116
-174
-51
-123
-4
-17
-1
88
-29
141
-51
122
-37
54
18
-19
85
-58
122
-51
101
-21
26
0
-65
-13
-123
-51
-121
-81
-63
-63
9
14
50
122
40
204
-1
199
-16
80
50
-123
224
-337
472
-473
715
-479
-2329
706
-2239
220
-1739
-172
-1011
-307
-307
-164
165
135
329
402
257
480
100
332
4
43
22
-232
109
-361
163
-307
108
-133
-54
43
-239
127
-333
100
-269
26
-69
-7
163
49
306
163
291
239
147
179
-21
-39
-101
-333
-54
-543
50
-518
62
-205
-164
306
-670
816
-1351
1108
-1984
1060
3566
-710
3361
-1
2561
509
1457
603
431
288
-227
-227
-432
-647
-312
-753
-102
-510
-1
-66
-68
340
-216
520
-289
431
-181
180
85
-58
372
-155
509
-102
403
-1
101
20
-237
-98
-432
-289
-399
-399
-193
-289
25
60
101
509
0
814
-152
762
-123
295
288
-432
1115
-1116
2171
-1451
3105
-1287
-4392
432
-4061
-400
-3033
-920
-1690
-903
-488
-400
246
300
444
832
287
946
61
627
-8
79
122
-404
322
-604
399
-488
240
-197
-111
59
-469
142
-628
61
-488
-48
-120
-37
273
146
487
399
433
528
198
371
-24
-77
-62
-628
96
-985
273
-903
182
-343
-400
487
-1481
1214
-2795
1493
-3905
1184
-31985
-3151
-26186
-7944
-16807
-8984
-7214
-5920
-341
-416
2556
4783
2212
7294
617
6270
-265
2688
411
-1356
2066
-3866
3281
-3998
2847
-2337
624
-334
-2329
706
-4392
432
-4392
-433
-2329
-707
624
333
2847
2336
3281
3997
2066
3865
411
1355
-265
-2689
617
-6271
2212
-7295
2556
-4784
-341
415
-7214
5919
-16807
8983
-26186
7943
-31985
3150
30917
6149
24795
10270
15541
10384
6471
6471
292
438
-2036
-4916
-1459
-7333
-1
-6181
516
-2599
-532
1283
-2389
3574
-3587
3586
-3005
2007
-642
265
2340
-466
4328
-1
4244
844
2204
913
-578
-386
-2555
-2555
-2819
-4218
-1646
-3973
-271
-1363
0
2649
-1206
6061
-2862
6907
-2956
4423
372
-373
7609
-5085
17268
-7153
26323
-5236
31522
0
-28437
-8627
-22313
-11927
-13621
-11178
-5474
-6670
-235
-439
1455
4799
690
7013
-572
5798
-725
2389
617
-1155
2571
-3133
3696
-3034
3003
-1606
626
-191
-2239
220
-4061
-400
-3905
-1185
-1984
-1061
506
415
2160
2632
2254
4217
1176
3878
128
1302
244
-2486
1691
-5576
3322
-6216
3181
-3877
-384
315
-7609
4067
-16862
5114
-25179
2479
-29573
-2913
24795
10270
18999
12695
11252
11252
4329
6479
171
414
-884
-4443
0
-6366
1026
-5161
863
-2084
-657
983
-2589
2588
-3592
2399
-2843
1177
-580
115
2031
-1
3614
718
3404
1410
1689
1128
-419
-419
-1710
-2558
-1653
-3991
-715
-3591
-1
-1183
-441
2212
-2014
4861
-3537
5292
-3203
3202
373
-250
7199
-2982
15607
-3105
22850
0
26323
5235
-20357
-10881
-15192
-12468
-8683
-10580
-3160
-5911
-112
-370
381
3876
-537
5448
-1314
4330
-915
1710
645
-787
2433
-1998
3275
-1751
2531
-768
506
-50
-1739
-172
-3033
-920
-2795
-1494
-1351
-1109
322
393
1247
2333
1078
3554
308
3132
-100
1012
563
-1857
2133
-3992
3472
-4232
3011
-2472
-341
181
-6413
1945
-13621
1341
-19558
-1927
-22088
-6701
15541
10384
11252
11252
6157
9214
2076
5013
60
306
-1
-3155
864
-4348
1402
-3386
872
-1307
-583
582
-2120
1416
-2779
1151
-2102
417
-412
-1
1387
276
2370
982
2133
1425
1000
1000
-229
-343
-820
-1980
-587
-2951
0
-2550
160
-808
-602
1451
-2036
3046
-3135
3134
-2623
1752
288
-120
5322
-1059
11082
-1
15607
3104
17268
7152
-10783
-8850
-7535
-9181
-3899
-7295
-1176
-3876
-23
-233
-231
2342
-961
3165
-1290
2411
-744
906
475
-390
1677
-897
2148
-652
1591
-157
305
30
-1011
-307
-1690
-903
-1481
-1215
-670
-817
144
271
464
1529
220
2233
-187
1893
-179
588
552
-1034
1734
-2115
2557
-2099
2076
-1110
-224
67
-4031
396
-8232
-811
-11365
-3448
-12302
-6576
6471
6471
4329
6479
2076
5013
518
2606
-1
152
301
-1515
830
-2006
996
-1492
543
-544
-336
224
-1154
477
-1445
287
-1050
0
-198
-40
640
265
1044
698
888
888
384
576
-78
-187
-205
-1029
-1
-1473
243
-1225
154
-373
-428
639
-1269
1268
-1805
1205
-1428
591
150
-30
2657
-1
5322
1058
7199
2981
7609
5084
-2913
-3550
-1843
-3448
-791
-2606
-131
-1327
7
-77
-225
741
-514
960
-572
695
-299
244
178
-96
599
-182
735
-73
523
51
96
29
-307
-164
-488
-400
-400
-488
-164
-307
29
96
51
523
-73
735
-182
599
-96
178
244
-299
695
-572
960
-514
741
-225
-77
7
-1327
-131
-2606
-791
-3448
-1843
-3550
-2913
292
438
171
414
60
306
-1
152
-2
8
34
-83
69
-104
73
-74
36
-25
-22
8
-71
14
-85
-1
-60
-12
-11
-5
33
22
51
51
40
60
15
36
-3
-12
0
-61
16
-84
27
-67
12
-20
-32
31
-86
57
-116
47
-88
17
8
0
150
29
288
119
373
249
372
372
1332
2493
698
2303
164
1668
-81
816
-14
45
224
-421
425
-519
428
-352
209
-113
-120
36
-384
37
-453
-45
-311
-95
-55
-30
165
135
246
300
182
342
62
204
-7
-62
31
-323
132
-436
181
-341
79
-97
-184
150
-489
261
-642
194
-475
46
47
4
785
238
1478
790
1860
1527
1793
2185
-2036
-4916
-884
-4443
0
-3155
301
-1515
34
-83
-499
746
-893
892
-868
579
-414
171
229
-46
725
0
839
167
563
233
97
65
-285
-285
-406
-608
-280
-675
-79
-395
0
117
-119
598
-328
790
-404
603
-166
165
371
-249
963
-400
1237
-247
897
0
-88
-18
-1428
-592
-2623
-1753
-3203
-3203
-2956
-4424
1994
6575
573
5822
-400
4054
-580
1909
-55
101
735
-897
1259
-1034
1188
-636
552
-168
-302
29
-933
-92
-1059
-321
-695
-372
-118
-97
329
402
444
832
273
902
50
517
14
-151
228
-754
521
-976
594
-725
234
-193
-510
272
-1290
391
-1622
159
-1155
-114
109
33
1759
940
3149
2584
3711
4522
3239
6059
-1459
-7333
0
-6366
864
-4348
830
-2006
69
-104
-893
892
-1475
985
-1355
560
-617
122
329
0
1000
198
1111
460
712
476
116
116
-315
-471
-393
-949
-201
-1007
-1
-566
-33
161
-328
791
-669
1000
-722
721
-274
183
580
-241
1437
-286
1773
-1
1237
246
-116
-48
-1805
-1206
-3135
-3135
-3537
-5293
-2862
-6908
705
7167
-602
6102
-1240
4086
-986
1844
-77
93
939
-772
1506
-806
1351
-410
602
-60
-316
-32
-941
-286
-1023
-547
-639
-524
-101
-123
257
480
287
946
96
984
-54
542
46
-152
389
-729
735
-896
759
-624
279
-150
-580
175
-1406
138
-1700
-168
-1164
-353
106
56
1616
1326
2709
3301
2890
5408
2090
6892
-1
-6181
1026
-5161
1402
-3386
996
-1492
73
-74
-868
579
-1355
560
-1189
236
-520
0
267
53
778
322
826
552
500
500
75
113
-180
-433
-166
-833
-1
-849
91
-459
-53
125
-394
588
-704
703
-701
468
-252
104
509
-102
1211
-1
1437
285
963
399
-86
-58
-1269
-1269
-2036
-3047
-2014
-4862
-1206
-6062
-451
4569
-1135
3740
-1284
2400
-846
1030
-60
48
683
-366
1042
-317
895
-89
384
37
-194
-59
-553
-296
-572
-469
-334
-407
-48
-90
100
332
61
627
-62
627
-101
332
47
-90
333
-407
571
-469
552
-296
193
-59
-385
37
-896
-89
-1043
-317
-684
-366
59
48
845
1030
1283
2400
1134
3740
450
4569
516
-2599
863
-2084
872
-1307
543
-544
36
-25
-414
171
-617
122
-520
-1
-219
-44
107
44
300
200
301
301
168
252
22
53
-40
-197
0
-364
70
-357
76
-186
-33
48
-215
214
-355
236
-334
138
-115
22
222
0
509
101
580
240
371
248
-32
-32
-428
-640
-602
-1452
-441
-2213
0
-2650
-169
557
-234
437
-219
266
-131
107
-9
4
94
-29
137
-14
113
11
46
14
-23
-13
-62
-51
-60
-73
-32
-59
-4
-13
4
43
-8
79
-24
76
-21
38
8
-10
51
-43
82
-45
75
-24
25
-3
-49
-5
-110
-34
-122
-66
-76
-63
6
7
79
149
100
330
48
493
-58
579
-532
1283
-657
983
-583
582
-336
224
-22
8
229
-46
329
-1
267
53
107
44
-51
-34
-134
-134
-125
-186
-61
-148
-6
-31
-1
105
-38
187
-73
176
-59
87
21
-22
132
-89
206
-86
185
-37
61
-1
-115
-23
-252
-105
-274
-184
-166
-166
12
19
154
372
160
807
0
1182
-271
1362
1446
-2706
1656
-2020
1406
-1154
785
-420
49
-15
-516
50
-725
-72
-576
-175
-228
-122
104
85
265
323
232
435
102
336
6
67
22
-232
122
-404
198
-372
147
-180
-53
42
-311
165
-473
143
-417
41
-135
-14
246
74
530
283
562
461
328
400
-25
-46
-259
-853
-179
-1811
256
-2600
890
-2936
-2389
3574
-2589
2588
-2120
1416
-1154
477
-71
14
725
-1
1000
198
778
322
300
200
-134
-134
-326
-488
-265
-640
-97
-484
-1
-95
-64
319
-226
545
-328
490
-231
230
78
-53
455
-189
678
-135
586
-1
185
36
-334
-139
-701
-469
-722
-722
-404
-604
27
66
243
1224
0
2549
-715
3590
-1646
3972
3160
-3851
3278
-2691
2605
-1393
1384
-420
82
-9
-837
-83
-1131
-343
-862
-461
-324
-266
139
169
320
599
232
767
55
568
-11
109
109
-361
322
-604
433
-529
291
-240
-97
51
-547
165
-798
78
-677
-67
-211
-64
369
197
755
619
749
913
396
741
-25
-80
-142
-1440
289
-2940
1231
-4059
2348
-4394
-3587
3586
-3592
2399
-2779
1151
-1445
287
-85
0
839
167
1111
460
826
552
301
301
-125
-186
-265
-640
-160
-801
0
-582
21
-110
-147
354
-387
579
-493
492
-320
213
103
-43
570
-114
816
-1
678
134
206
85
-355
-237
-704
-704
-669
-1001
-328
-791
16
83
-1
1472
-587
2950
-1653
3990
-2819
4217
3549
-2913
3447
-1843
2605
-791
1326
-131
76
7
-742
-225
-961
-514
-696
-572
-245
-299
95
178
181
599
72
735
-52
523
-30
96
163
-307
399
-488
487
-400
306
-164
-97
29
-524
51
-736
-73
-600
-182
-179
-96
298
244
571
695
513
960
224
741
-8
-77
130
-1327
790
-2606
1842
-3448
2912
-3550
-3005
2007
-2843
1177
-2102
417
-1050
0
-60
-12
563
233
712
476
500
500
168
252
-61
-148
-97
-484
-1
-582
80
-407
30
-74
-152
227
-351
350
-413
275
-253
104
78
-16
414
0
570
113
455
188
132
88
-215
-215
-394
-589
-328
-792
-119
-599
-1
60
-205
1028
-820
1979
-1710
2557
-2555
2554
1994
-1067
1842
-559
1334
-132
653
64
36
10
-337
-180
-415
-341
-282
-343
-90
-168
28
95
30
306
-36
362
-76
248
-24
43
108
-133
240
-197
273
-147
163
-50
-50
4
-258
-26
-349
-106
-273
-146
-78
-64
120
146
209
391
155
513
37
379
3
-38
190
-629
632
-1183
1221
-1489
1748
-1435
-642
265
-580
115
-412
0
-198
-40
-11
-5
97
65
116
116
75
113
22
53
-6
-31
-1
-95
21
-110
30
-74
8
-13
-38
37
-80
52
-89
36
-52
10
15
-1
78
15
103
42
78
52
21
21
-33
-49
-53
-126
-33
-162
-1
-118
-3
11
-78
186
-229
342
-419
418
-578
385
-874
265
-774
76
-539
-54
-254
-77
-14
-8
119
97
137
167
84
157
22
73
-4
-41
12
-124
42
-141
49
-93
12
-16
-54
43
-111
59
-120
36
-69
6
20
1
100
30
129
69
96
79
25
31
-37
-68
-52
-172
-22
-216
15
-154
-5
14
-125
233
-344
418
-602
493
-806
430
2340
-466
2031
0
1387
276
640
265
33
22
-285
-285
-315
-471
-180
-433
-40
-197
-1
105
-64
319
-147
354
-152
227
-38
37
150
-101
302
-126
321
-64
180
0
-52
-11
-253
-105
-320
-214
-231
-231
-59
-88
76
185
91
458
0
565
-79
394
15
-37
384
-577
1000
-1001
1689
-1129
2204
-914
-3550
349
-3022
-298
-2024
-614
-914
-489
-47
-38
381
465
398
745
202
669
29
298
15
-157
141
-466
270
-507
259
-316
60
-50
-239
127
-469
142
-488
47
-269
-27
75
22
360
192
443
364
308
375
74
138
-88
-287
-69
-696
82
-842
174
-576
-29
52
-657
800
-1635
1341
-2678
1431
-3413
1035
4328
-1
3614
718
2370
982
1044
698
51
51
-406
-608
-393
-949
-166
-833
0
-364
-38
187
-226
545
-387
579
-351
350
-80
52
302
-126
582
-116
594
-1
321
63
-89
-37
-413
-276
-493
-493
-328
-491
-73
-177
70
356
-1
848
-201
1006
-280
674
40
-61
888
-889
2133
-1426
3404
-1411
4244
-845
4681
0
4244
844
3105
1286
1689
1128
472
472
-229
-343
-383
-925
-205
-1029
0
-669
16
-84
-171
412
-404
603
-473
472
-274
183
122
-51
509
-102
668
0
509
101
122
50
-274
-184
-473
-473
-404
-604
-171
-413
16
83
0
668
-205
1028
-383
924
-229
342
472
-473
1689
-1129
3105
-1287
4244
-845
-4392
-433
-3905
-1185
-2795
-1494
-1481
-1215
-400
-488
182
342
273
902
96
984
-62
627
-24
76
198
-372
433
-529
487
-400
273
-147
-120
36
-488
47
-628
-62
-469
-143
-111
-60
240
196
399
487
322
603
122
403
-8
-80
61
-628
287
-947
444
-833
246
-301
-488
399
-1690
902
-3033
919
-4061
399
3566
709
3105
1286
2171
1450
1115
1115
288
431
-123
-296
-152
-763
0
-815
101
-510
25
-61
-193
288
-399
398
-432
288
-237
97
101
-21
403
0
509
101
372
154
85
57
-181
-181
-289
-432
-216
-521
-68
-341
-1
65
-102
509
-312
752
-432
646
-227
226
431
-289
1457
-604
2561
-510
3361
0
-2329
-707
-1984
-1061
-1351
-1109
-670
-817
-164
-307
62
204
50
517
-54
542
-101
332
-21
38
147
-180
291
-240
306
-164
163
-50
-69
6
-269
-27
-333
-101
-239
-128
-54
-44
108
132
163
306
109
360
22
231
4
-44
100
-333
257
-481
329
-403
165
-136
-307
163
-1011
306
-1739
171
-2239
-221
860
356
715
478
472
472
224
336
50
122
-16
-81
-1
-200
40
-205
50
-123
9
-15
-63
62
-121
80
-123
50
-65
12
26
-1
101
20
122
50
85
57
18
18
-37
-55
-51
-123
-29
-142
-1
-89
-4
16
-51
122
-116
173
-141
140
-69
45
122
-51
396
-79
668
-1
844
167
624
333
506
415
322
393
144
271
29
96
-7
-62
14
-151
46
-152
47
-90
8
-10
-53
42
-97
51
-97
29
-50
4
20
1
75
22
89
47
60
49
12
15
-24
-44
-30
-97
-11
-110
6
-68
-4
12
-48
89
-101
122
-118
96
-55
29
96
-30
305
-31
506
49
626
190
-1918
-1282
-1508
-1508
-921
-1377
-383
-925
-65
-324
0
202
-97
483
-198
477
-184
273
-30
29
183
-123
330
-137
323
-65
162
0
-65
-13
-237
-98
-274
-184
-181
-181
-37
-55
62
149
64
323
-1
357
-43
215
15
-39
183
-274
365
-366
409
-274
187
-78
-324
64
-1001
-1
-1625
-324
-1970
-816
2847
2336
2160
2632
1247
2333
464
1529
51
523
31
-323
228
-754
389
-729
333
-407
51
-43
-311
165
-547
165
-524
51
-258
-26
100
30
360
192
406
333
259
315
49
92
-76
-249
-52
-524
55
-569
102
-337
-32
58
-334
406
-639
523
-695
371
-311
94
523
-52
1591
156
2531
767
3003
1605
-3310
-3310
-2405
-3599
-1287
-3106
-397
-1993
0
-669
-81
403
-383
924
-583
872
-473
472
-71
47
412
-171
711
-142
668
0
323
64
-123
-51
-432
-289
-473
-473
-289
-432
-51
-123
64
323
0
668
-142
711
-171
412
47
-71
472
-473
872
-583
924
-383
403
-81
-669
0
-1993
-397
-3106
-1287
-3599
-2405
3281
3997
2254
4217
1078
3554
220
2233
-73
735
132
-436
521
-976
735
-896
571
-469
82
-45
-473
143
-798
78
-736
-73
-349
-106
129
69
443
364
468
571
270
506
42
140
-36
-363
72
-736
232
-768
232
-436
-60
72
-572
468
-1023
546
-1059
320
-453
44
735
72
2148
651
3275
1750
3696
3033
-2822
-4224
-1798
-4339
-712
-3578
0
-2205
141
-712
-171
412
-604
902
-805
804
-604
403
-86
35
475
-95
787
0
711
141
330
136
-121
-81
-399
-399
-404
-604
-216
-521
-29
-142
0
357
-142
711
-302
727
-270
403
65
-66
603
-404
1051
-436
1065
-212
446
0
-712
-142
-2037
-844
-3034
-2027
-3321
-3321
2066
3865
1176
3878
308
3132
-187
1893
-182
599
181
-341
594
-725
759
-624
552
-296
75
-24
-417
41
-677
-67
-600
-182
-273
-146
96
79
308
375
295
552
141
465
12
123
30
-307
181
-600
320
-600
265
-324
-62
50
-553
295
-941
285
-933
91
-384
-38
599
181
1677
896
2433
1997
2571
3132
-1197
-2890
-565
-2837
-1
-2247
264
-1332
170
-413
-153
228
-473
472
-583
389
-413
170
-56
11
298
-1
475
94
412
170
183
122
-63
-63
-193
-289
-171
-413
-68
-341
-1
-89
-43
215
-171
412
-270
403
-212
211
47
-32
412
-171
687
-137
668
-1
269
53
-413
-171
-1129
-755
-1589
-1589
-1607
-2405
411
1355
128
1302
-100
1012
-179
588
-96
178
79
-97
234
-193
279
-150
193
-59
25
-3
-135
-14
-211
-64
-179
-96
-78
-64
25
31
74
138
58
193
15
156
-4
40
28
-96
95
-179
139
-170
104
-86
-23
12
-194
58
-316
31
-302
-30
-120
-37
178
95
475
389
645
786
617
1154
115
582
0
548
-84
418
-99
238
-48
70
36
-37
105
-71
122
-51
83
-17
10
0
-56
-12
-86
-36
-71
-48
-30
-30
9
14
25
60
16
83
0
65
-4
16
15
-39
47
-71
65
-66
47
-32
-10
4
-84
16
-134
0
-125
-25
-49
-20
70
47
182
182
236
354
210
507
-265
-2689
244
-2486
563
-1857
552
-1034
244
-299
-184
150
-510
272
-580
175
-385
37
-49
-5
246
74
369
197
298
244
120
146
-37
-68
-88
-287
-38
-385
29
-299
22
-74
-90
167
-245
298
-324
265
-228
121
46
-15
384
-38
602
59
552
167
209
112
-299
-245
-744
-907
-915
-1711
-725
-2390
0
4681
-845
4244
-1287
3105
-1129
1689
-473
472
342
-229
924
-383
1028
-205
668
0
83
16
-413
-171
-604
-404
-473
-473
-184
-274
50
122
101
509
0
668
-102
509
-51
122
183
-274
472
-473
603
-404
412
-171
-84
16
-669
0
-1029
-205
-925
-383
-343
-229
472
472
1128
1689
1286
3105
844
4244
617
-6271
1691
-5576
2133
-3992
1734
-2115
695
-572
-489
261
-1290
391
-1406
138
-896
-89
-110
-34
530
283
755
619
571
695
209
391
-52
-172
-69
-696
88
-896
202
-670
84
-158
-282
342
-696
571
-862
460
-576
174
113
-12
895
88
1351
409
1188
635
428
351
-572
-696
-1290
-2412
-1314
-4331
-572
-5799
-1433
7202
-2599
6272
-2930
4385
-2254
2253
-873
582
596
-248
1539
-307
1645
-1
1028
204
122
50
-583
-390
-805
-805
-583
-873
-198
-478
40
204
0
814
-205
1028
-312
752
-116
173
365
-366
872
-583
1051
-436
687
-137
-134
0
-1029
-205
-1521
-630
-1306
-873
-457
-457
582
872
1219
2944
1028
5172
0
6789
2212
-7295
3322
-6216
3472
-4232
2557
-2099
960
-514
-642
194
-1622
159
-1700
-168
-1043
-317
-122
-66
562
461
749
913
513
960
155
513
-22
-216
82
-842
316
-1043
398
-746
137
-168
-415
340
-961
513
-1131
342
-725
71
137
13
1042
316
1506
805
1259
1033
425
518
-514
-961
-961
-3166
-537
-5449
690
-7014
-2681
6472
-3599
5385
-3558
3557
-2529
1689
-925
382
604
-121
1497
-1
1539
306
924
382
105
70
-473
-473
-604
-903
-383
-925
-97
-484
0
199
-152
762
-383
924
-432
646
-141
140
409
-274
924
-383
1065
-212
668
-1
-125
-25
-925
-383
-1306
-873
-1060
-1060
-343
-513
382
924
593
2982
-1
5031
-1264
6352
2556
-4784
3181
-3877
3011
-2472
2076
-1110
741
-225
-475
46
-1155
-114
-1164
-353
-684
-366
-76
-63
328
400
396
741
224
741
37
379
15
-154
174
-576
365
-684
381
-466
119
-98
-337
179
-742
224
-837
82
-516
-51
94
28
683
365
939
771
735
896
224
420
-225
-742
-231
-2343
381
-3877
1455
-4800
-1602
2396
-1885
1884
-1722
1150
-1156
478
-404
80
253
0
604
120
596
247
342
228
36
36
-153
-229
-171
-413
-81
-404
0
-203
-16
80
-123
295
-229
342
-227
226
-69
45
187
-78
403
-81
446
0
269
53
-49
-20
-343
-229
-457
-457
-343
-513
-98
-235
80
403
-1
1251
-404
2030
-1020
2462
-341
415
-384
315
-341
181
-224
67
-77
7
47
4
109
33
106
56
59
48
6
7
-25
-46
-25
-80
-8
-77
3
-38
-5
14
-29
52
-49
59
-47
37
-14
7
36
-11
76
-8
82
8
49
14
-9
-5
-60
-49
-77
-94
-55
-102
-14
-46
7
76
-23
232
-112
369
-235
438
3309
-3310
3598
-2405
3105
-1287
1992
-397
668
0
-404
-81
-925
-383
-873
-583
-473
-473
-48
-71
170
412
141
711
0
668
-65
323
50
-123
288
-432
472
-473
431
-289
122
-51
-324
64
-669
0
-712
-142
-413
-171
70
47
472
472
582
872
382
924
80
403
0
-669
396
-1993
1286
-3106
2404
-3599
-7214
5919
-7609
4067
-6413
1945
-4031
396
-1327
-131
785
238
1759
940
1616
1326
845
1030
79
149
-259
-853
-142
-1440
130
-1327
190
-629
-125
233
-657
800
-1031
845
-914
488
-254
76
653
-65
1326
130
1384
419
785
419
-131
-108
-846
-1031
-986
-1845
-580
-1910
-81
-817
-131
1326
-1176
3875
-3160
5910
-5474
6669
11824
-7902
12148
-5033
10017
-1993
6172
-1
1992
396
-1156
-479
-2529
-1690
-2254
-2254
-1129
-1690
-99
-239
264
1331
0
2204
-397
1992
-383
924
224
-337
1115
-1116
1689
-1129
1457
-604
396
-79
-1001
0
-1993
-397
-2037
-844
-1129
-755
182
182
1128
1689
1219
2944
593
2982
0
1251
396
-1993
2362
-5703
5674
-8493
9297
-9298
-16807
8983
-16862
5114
-13621
1341
-8232
-811
-2606
-791
1478
790
3149
2584
2709
3301
1283
2400
100
330
-179
-1811
289
-2940
790
-2606
632
-1183
-344
418
-1635
1341
-2401
1283
-2024
613
-539
53
1334
131
2605
790
2605
1392
1406
1153
-219
-267
-1284
-2401
-1240
-4087
-400
-4055
164
-1669
-791
2605
-3899
7294
-8683
10579
-13621
11177
21741
-9006
21340
-4245
16901
0
10017
1992
3105
1286
-1722
-1151
-3558
-3558
-2930
-4386
-1287
-3106
-84
-419
-1
2246
-712
3577
-1287
3105
-921
1376
472
-473
2171
-1451
3105
-1287
2561
-510
668
-1
-1625
-324
-3106
-1287
-3034
-2027
-1589
-1589
236
354
1286
3105
1028
5172
-1
5031
-404
2030
1286
-3106
5674
-8493
11950
-11951
18091
-12089
-26186
7943
-25179
2479
-19558
-1927
-11365
-3448
-3448
-1843
1860
1527
3711
4522
2890
5408
1134
3740
48
493
256
-2600
1231
-4059
1842
-3448
1221
-1489
-602
493
-2678
1431
-3741
1134
-3022
297
-774
-77
1842
558
3447
1842
3278
2690
1656
2019
-234
-438
-1135
-3741
-602
-6103
573
-5823
698
-2304
-1843
3447
-7535
9180
-15192
12467
-22313
11926
29714
-5911
28012
-1
21340
4244
12148
5032
3598
2404
-1885
-1885
-3599
-5386
-2599
-6273
-845
-4245
-1
-549
-565
2836
-1798
4338
-2405
3598
-1508
1507
715
-479
3105
-1287
4244
-845
3361
-1
844
167
-1970
-816
-3599
-2405
-3321
-3321
-1607
-2405
210
507
844
4244
0
6789
-1264
6352
-1020
2462
2404
-3599
9297
-9298
18091
-12089
25880
-10720
-31985
3150
-29573
-2913
-22088
-6701
-12302
-6576
-3550
-2913
1793
2185
3239
6059
2090
6892
450
4569
-58
579
890
-2936
2348
-4394
2912
-3550
1748
-1435
-806
430
-3413
1035
-4570
450
-3550
-350
-874
-266
1994
1066
3549
2912
3160
3850
1446
2705
-169
-558
-451
-4570
705
-7168
1994
-6576
1332
-2494
-2913
3549
-10783
8849
-20357
10880
-28437
8626
-4570
-451
-3741
-1135
-2401
-1284
-1031
-846
-49
-60
365
683
316
1042
88
895
-38
384
58
-194
295
-553
468
-572
406
-334
89
-48
-333
100
-628
61
-628
-62
-333
-101
89
47
406
333
468
571
295
552
58
193
-38
-385
88
-896
316
-1043
365
-684
-49
59
-1031
845
-2401
1283
-3741
1134
-4570
450
4244
844
3404
1410
2133
1425
888
888
40
60
-280
-675
-201
-1007
-1
-849
70
-357
-73
176
-328
490
-493
492
-413
275
-89
36
321
-64
594
0
582
115
302
125
-80
-53
-351
-351
-387
-580
-226
-546
-38
-188
0
363
-166
832
-393
948
-406
607
51
-52
1044
-699
2370
-983
3614
-719
4328
0
-3413
-1036
-2678
-1432
-1635
-1342
-657
-801
-29
-53
174
575
82
841
-69
695
-88
286
74
-139
308
-376
443
-365
360
-193
75
-23
-269
26
-488
-48
-469
-143
-239
-128
60
49
259
315
270
506
141
465
15
156
29
-299
202
-670
398
-746
381
-466
-47
37
-914
488
-2024
613
-3022
297
-3550
-350
2204
913
1689
1128
1000
1000
384
576
15
36
-79
-395
0
-566
91
-459
76
-186
-59
87
-231
230
-320
213
-253
104
-52
10
180
-1
321
63
302
125
150
100
-38
-38
-152
-228
-147
-355
-64
-320
-1
-106
-40
196
-180
432
-315
470
-285
284
33
-23
640
-266
1387
-277
2031
-1
2340
465
-806
-431
-602
-494
-344
-419
-125
-234
-5
-15
15
153
-22
215
-52
171
-37
67
25
-32
96
-80
129
-70
100
-31
20
-2
-69
-7
-120
-37
-111
-60
-54
-44
12
15
49
92
42
140
12
123
-4
40
22
-74
84
-158
137
-168
119
-98
-14
7
-254
76
-539
53
-774
-77
-874
-266
-578
-386
-419
-419
-229
-343
-78
-187
-3
-12
-1
117
-33
161
-53
125
-33
48
21
-22
78
-53
103
-43
78
-16
15
0
-52
-11
-89
-37
-80
-53
-38
-38
8
12
30
73
21
109
-1
94
-6
30
22
-54
75
-114
116
-117
97
-66
-11
4
-198
39
-412
-1
-580
-116
-642
-266
1748
1434
1221
1488
632
1182
190
628
3
37
37
-380
155
-514
209
-392
120
-147
-78
63
-273
145
-349
105
-258
25
-50
-5
163
49
273
146
240
196
108
132
-24
-44
-76
-249
-36
-363
30
-307
28
-96
-90
167
-282
342
-415
340
-337
179
36
-11
653
-65
1334
131
1842
558
1994
1066
-2555
-2555
-1710
-2558
-820
-1980
-205
-1029
-1
-61
-119
598
-328
791
-394
588
-215
214
132
-89
455
-189
570
-114
414
-1
78
15
-253
-105
-413
-276
-351
-351
-152
-228
30
73
80
406
-1
581
-97
483
-61
147
168
-253
500
-501
712
-477
563
-234
-60
11
-1050
-1
-2102
-418
-2843
-1178
-3005
-2008
2912
3549
1842
3447
790
2605
130
1326
-8
76
224
-742
513
-961
571
-696
298
-245
-179
95
-600
181
-736
72
-524
-52
-97
-30
306
163
487
399
399
487
163
306
-30
-97
-52
-524
72
-736
181
-600
95
-179
-245
298
-696
571
-961
513
-742
224
76
-8
1326
130
2605
790
3447
1842
3549
2912
-2819
-4218
-1653
-3991
-587
-2951
-1
-1473
16
-84
-328
790
-669
1000
-704
703
-355
236
206
-86
678
-135
816
0
570
113
103
42
-320
-214
-493
-493
-387
-580
-147
-355
21
109
0
581
-160
800
-265
639
-125
185
301
-302
826
-553
1111
-461
839
-168
-85
-1
-1445
-288
-2779
-1152
-3592
-2400
-3587
-3587
2348
4393
1231
4058
289
2939
-142
1439
-25
79
396
-742
749
-914
755
-620
369
-198
-211
63
-677
66
-798
-79
-547
-166
-97
-52
291
239
433
528
322
603
109
360
-11
-110
55
-569
232
-768
320
-600
139
-170
-324
265
-862
460
-1131
342
-837
82
82
8
1384
419
2605
1392
3278
2690
3160
3850
-1646
-3973
-715
-3591
0
-2550
243
-1225
27
-67
-404
603
-722
721
-701
468
-334
138
185
-37
586
0
678
134
455
188
78
52
-231
-231
-328
-491
-226
-546
-64
-320
-1
94
-97
483
-265
639
-326
487
-134
133
300
-201
778
-323
1000
-199
725
0
-71
-15
-1154
-478
-2120
-1417
-2589
-2589
-2389
-3575
890
2935
256
2599
-179
1810
-259
852
-25
45
328
-401
562
-462
530
-284
246
-75
-135
13
-417
-42
-473
-144
-311
-166
-53
-43
147
179
198
371
122
403
22
231
6
-68
102
-337
232
-436
265
-324
104
-86
-228
121
-576
174
-725
71
-516
-51
49
14
785
419
1406
1153
1656
2019
1446
2705
-271
-1363
0
-1183
160
-808
154
-373
12
-20
-166
165
-274
183
-252
104
-115
22
61
0
185
36
206
85
132
88
21
21
-59
-88
-73
-177
-38
-188
-1
-106
-6
30
-61
147
-125
185
-134
133
-51
33
107
-45
267
-54
329
0
229
45
-22
-9
-336
-225
-583
-583
-657
-984
-532
-1284
-58
-580
48
-494
100
-331
79
-150
6
-8
-76
62
-122
65
-110
33
-49
4
25
2
75
23
82
44
51
42
8
9
-21
-39
-24
-77
-8
-80
4
-44
-4
12
-32
58
-60
72
-62
50
-23
12
46
-15
113
-12
137
13
94
28
-9
-5
-131
-108
-219
-267
-234
-438
-169
-558
0
2649
-441
2212
-602
1451
-428
639
-32
31
371
-249
580
-241
509
-102
222
-1
-115
-23
-334
-139
-355
-237
-215
-215
-33
-49
76
185
70
356
0
363
-40
196
22
-54
168
-253
301
-302
300
-201
107
-45
-219
43
-520
0
-617
-123
-414
-172
36
24
543
543
872
1306
863
2083
516
2598
450
-4570
1134
-3741
1283
-2401
845
-1031
59
-49
-684
365
-1043
316
-896
88
-385
-38
193
58
552
295
571
468
333
406
47
89
-101
-333
-62
-628
61
-628
100
-333
-48
89
-334
406
-572
468
-553
295
-194
58
384
-38
895
88
1042
316
683
365
-60
-49
-846
-1031
-1284
-2401
-1135
-3741
-451
-4570
-1206
6061
-2014
4861
-2036
3046
-1269
1268
-86
57
963
-400
1437
-286
1211
0
509
101
-252
-105
-701
-469
-704
-704
-394
-589
-53
-126
91
458
-1
848
-166
832
-180
432
75
-114
500
-501
826
-553
778
-323
267
-54
-520
-1
-1189
-237
-1355
-561
-868
-580
73
73
996
1491
1402
3385
1026
5160
-1
6180
2090
-6893
2890
-5409
2709
-3302
1616
-1327
106
-57
-1164
352
-1700
167
-1406
-139
-580
-176
279
149
759
623
735
895
389
728
46
151
-54
-543
96
-985
287
-947
257
-481
-101
122
-639
523
-1023
546
-941
285
-316
31
602
59
1351
409
1506
805
939
771
-77
-94
-986
-1845
-1240
-4087
-602
-6103
705
-7168
-2862
6907
-3537
5292
-3135
3134
-1805
1205
-116
47
1237
-247
1773
0
1437
285
580
240
-274
-184
-722
-722
-669
-1001
-328
-792
-33
-162
-1
565
-201
1006
-393
948
-315
470
116
-117
712
-477
1111
-461
1000
-199
329
-1
-617
-123
-1355
-561
-1475
-986
-893
-893
69
103
830
2005
864
4347
0
6365
-1459
7332
3239
-6060
3711
-4523
3149
-2585
1759
-941
109
-34
-1155
113
-1622
-160
-1290
-392
-510
-273
234
192
594
724
521
975
228
753
14
150
50
-518
273
-903
444
-833
329
-403
-118
96
-695
371
-1059
320
-933
91
-302
-30
552
167
1188
635
1259
1033
735
896
-55
-102
-580
-1910
-400
-4055
573
-5823
1994
-6576
-2956
4423
-3203
3202
-2623
1752
-1428
591
-88
17
897
0
1237
246
963
399
371
248
-166
-166
-404
-604
-328
-791
-119
-599
0
-118
-79
394
-280
674
-406
607
-285
284
97
-66
563
-234
839
-168
725
0
229
45
-414
-172
-868
-580
-893
-893
-499
-747
34
82
301
1514
0
3154
-884
4442
-2036
4915
1793
-2186
1860
-1528
1478
-791
785
-239
47
-5
-475
-47
-642
-195
-489
-262
-184
-151
79
96
181
340
132
435
31
322
-7
61
62
-205
182
-343
246
-301
165
-136
-55
29
-311
94
-453
44
-384
-38
-120
-37
209
112
428
351
425
518
224
420
-14
-46
-81
-817
164
-1669
698
-2304
1332
-2494
372
-373
373
-250
288
-120
150
-30
8
-1
-88
-18
-116
-48
-86
-58
-32
-32
12
19
27
66
16
83
0
60
-3
11
15
-37
40
-61
51
-52
33
-23
-11
4
-60
11
-85
0
-71
-15
-22
-9
36
24
73
73
69
103
34
82
-2
-9
-1
-153
60
-307
171
-415
292
-439
-3550
2912
-3448
1842
-2606
790
-1327
130
-77
-8
741
224
960
513
695
571
244
298
-96
-179
-182
-600
-73
-736
51
-524
29
-97
-164
306
-400
487
-488
399
-307
163
96
-30
523
-52
735
72
599
181
178
95
-299
-245
-572
-696
-514
-961
-225
-742
7
76
-131
1326
-791
2605
-1843
3447
-2913
3549
7609
-5085
7199
-2982
5322
-1059
2657
0
150
29
-1428
-592
-1805
-1206
-1269
-1269
-428
-640
154
372
243
1224
-1
1472
-205
1028
-78
186
384
-577
888
-889
1044
-699
640
-266
-198
39
-1050
-1
-1445
-288
-1154
-478
-336
-225
543
543
996
1491
830
2005
301
1514
-1
-153
518
-2607
2076
-5014
4329
-6480
6471
-6472
-12302
6575
-11365
3447
-8232
810
-4031
-397
-224
-68
2076
1109
2557
2098
1734
2114
552
1033
-179
-589
-187
-1894
220
-2234
464
-1530
144
-272
-670
816
-1481
1214
-1690
902
-1011
306
305
-31
1591
156
2148
651
1677
896
475
389
-744
-907
-1290
-2412
-961
-3166
-231
-2343
-23
232
-1176
3875
-3899
7294
-7535
9180
-10783
8849
17268
-7153
15607
-3105
11082
0
5322
1058
288
119
-2623
-1753
-3135
-3135
-2036
-3047
-602
-1452
160
807
0
2549
-587
2950
-820
1979
-229
342
1000
-1001
2133
-1426
2370
-983
1387
-277
-412
0
-2102
-418
-2779
-1152
-2120
-1417
-583
-583
872
1306
1402
3385
864
4347
-1
3154
60
-307
2076
-5014
6157
-9215
11252
-11253
15541
-10385
-22088
6700
-19558
1926
-13621
-1342
-6413
-1946
-341
-182
3011
2471
3472
4231
2133
3991
563
1856
-100
-1013
308
-3133
1078
-3555
1247
-2334
322
-394
-1351
1108
-2795
1493
-3033
919
-1739
171
506
49
2531
767
3275
1750
2433
1997
645
786
-915
-1711
-1314
-4331
-537
-5449
381
-3877
-112
369
-3160
5910
-8683
10579
-15192
12467
-20357
10880
26323
-5236
22850
0
15607
3104
7199
2981
373
249
-3203
-3203
-3537
-5293
-2014
-4862
-441
-2213
-1
1182
-715
3590
-1653
3990
-1710
2557
-419
418
1689
-1129
3404
-1411
3614
-719
2031
0
-580
-116
-2843
-1178
-3592
-2400
-2589
-2589
-657
-984
863
2083
1026
5160
0
6365
-884
4442
171
-415
4329
-6480
11252
-11253
18999
-12696
24795
-10271
-29573
2912
-25179
-2480
-16862
-5115
-7609
-4068
-384
-316
3181
3876
3322
6215
1691
5575
244
2485
128
-1303
1176
-3879
2254
-4218
2160
-2633
506
-416
-1984
1060
-3905
1184
-4061
399
-2239
-221
626
190
3003
1605
3696
3033
2571
3132
617
1154
-725
-2390
-572
-5799
690
-7014
1455
-4800
-235
438
-5474
6669
-13621
11177
-22313
11926
-28437
8626
31522
-1
26323
5235
17268
7152
7609
5084
372
372
-2956
-4424
-2862
-6908
-1206
-6062
0
-2650
-271
1362
-1646
3972
-2819
4217
-2555
2554
-578
385
2204
-914
4244
-845
4328
0
2340
465
-642
-266
-3005
-2008
-3587
-3587
-2389
-3575
-532
-1284
516
2598
-1
6180
-1459
7332
-2036
4915
292
-439
6471
-6472
15541
-10385
24795
-10271
30917
-6150
4680
0
4680
0
4680
0
0
0
0
0
0
0
0
0
0
0
0
0
0
0
0
0
0
0
0
0
0
0
0
0
0
0
0
0
0
0
0
0
0
0
0
0
0
0
0
0
0
0
0
0
0
0
0
0
0
0
4681
0
4681
0
4680
0
4680
0
-4569
-450
-4569
-450
-4569
-450
0
0
0
0
0
0
0
0
0
0
0
0
0
0
0
0
0
0
0
0
0
0
0
0
0
0
0
0
0
0
0
0
0
0
0
0
0
0
0
0
0
0
0
0
0
0
0
0
0
0
-4569
-450
-4569
-449
-4569
-450
-4569
-450
4244
843
4244
844
4244
844
0
0
0
0
0
0
0
0
0
0
0
0
0
0
0
0
0
0
0
0
0
0
0
0
0
0
0
0
0
0
0
0
0
0
0
0
0
0
0
0
0
0
0
0
0
0
0
0
0
0
4244
844
4244
844
4244
844
4244
844
-3741
-1135
-3740
-1134
-3740
-1134
0
0
0
0
0
0
0
0
0
0
0
0
0
0
0
0
0
0
0
0
0
0
0
0
0
0
0
0
0
0
0
0
0
0
0
0
0
0
0
0
0
0
0
0
0
0
0
0
0
0
-3740
-1134
-3740
-1134
-3740
-1134
-3740
-1134
3105
1286
3105
1286
3105
1286
0
0
0
0
0
0
0
0
0
0
0
0
0
0
0
0
0
0
0
0
0
0
0
0
0
0
0
0
0
0
0
0
0
0
0
0
0
0
0
0
0
0
0
0
0
0
0
0
0
0
3105
1286
3105
1286
3105
1286
3105
1286
-2401
-1283
-2400
-1283
-2400
-1283
0
0
0
0
0
0
0
0
0
0
0
0
0
0
0
0
0
0
0
0
0
0
0
0
0
0
0
0
0
0
0
0
0
0
0
0
0
0
0
0
0
0
0
0
0
0
0
0
0
0
-2400
-1283
-2400
-1283
-2400
-1283
-2401
-1283
1688
1128
1689
1128
1689
1128
0
0
0
0
0
0
0
0
0
0
0
0
0
0
0
0
0
0
0
0
0
0
0
0
0
0
0
0
0
0
0
0
0
0
0
0
0
0
0
0
0
0
0
0
0
0
0
0
0
0
1689
1128
1689
1128
1689
1128
1689
1128
-1030
-846
-1030
-845
-1030
-845
0
0
0
0
0
0
0
0
0
0
0
0
0
0
0
0
0
0
0
0
0
0
0
0
0
0
0
0
0
0
0
0
0
0
0
0
0
0
0
0
0
0
0
0
0
0
0
0
0
0
-1030
-845
-1030
-845
-1030
-845
-1030
-845
472
472
472
472
472
472
0
0
0
0
0
0
0
0
0
0
0
0
0
0
0
0
0
0
0
0
0
0
0
0
0
0
0
0
0
0
0
0
0
0
0
0
0
0
0
0
0
0
0
0
0
0
0
0
0
0
472
472
472
472
472
472
472
472
-49
-59
-48
-59
-48
-59
0
0
0
0
0
0
0
0
0
0
0
0
0
0
0
0
0
0
0
0
0
0
0
0
0
0
0
0
0
0
0
0
0
0
0
0
0
0
0
0
0
0
0
0
0
0
0
0
0
0
-48
-59
-48
-59
-48
-59
-48
-59
-229
-343
-228
-342
-228
-342
0
0
0
0
0
0
0
0
0
0
0
0
0
0
0
0
0
0
0
0
0
0
0
0
0
0
0
0
0
0
0
0
0
0
0
0
0
0
0
0
0
0
0
0
0
0
0
0
0
0
-228
-342
-228
-342
-228
-342
-228
-342
364
682
365
683
365
683
0
0
0
0
0
0
0
0
0
0
0
0
0
0
0
0
0
0
0
0
0
0
0
0
0
0
0
0
0
0
0
0
0
0
0
0
0
0
0
0
0
0
0
0
0
0
0
0
0
0
365
683
365
683
365
683
365
683
-383
-925
-383
-924
-382
-924
0
0
0
0
0
0
0
0
0
0
0
0
0
0
0
0
0
0
0
0
0
0
0
0
0
0
0
0
0
0
0
0
0
0
0
0
0
0
0
0
0
0
0
0
0
0
0
0
0
0
-382
-924
-382
-924
-382
-924
-383
-924
315
1041
316
1042
316
1041
0
0
0
0
0
0
0
0
0
0
0
0
0
0
0
0
0
0
0
0
0
0
0
0
0
0
0
0
0
0
0
0
0
0
0
0
0
0
0
0
0
0
0
0
0
0
0
0
0
0
316
1042
316
1042
316
1042
316
1042
-205
-1029
-204
-1028
-204
-1028
0
0
0
0
0
0
0
0
0
0
0
0
0
0
0
0
0
0
0
0
0
0
0
0
0
0
0
0
0
0
0
0
0
0
0
0
0
0
0
0
0
0
0
0
0
0
0
0
0
0
-204
-1028
-204
-1028
-204
-1028
-204
-1028
87
895
88
895
88
895
0
0
0
0
0
0
0
0
0
0
0
0
0
0
0
0
0
0
0
0
0
0
0
0
0
0
0
0
0
0
0
0
0
0
0
0
0
0
0
0
0
0
0
0
0
0
0
0
0
0
88
895
88
895
88
895
88
895
0
-669
0
-668
0
-668
0
0
0
0
0
0
0
0
0
0
0
0
0
0
0
0
0
0
0
0
0
0
0
0
0
0
0
0
0
0
0
0
0
0
0
0
0
0
0
0
0
0
0
0
0
0
0
0
0
0
0
-668
0
-668
0
-668
0
-668
-38
383
-37
384
-37
384
0
0
0
0
0
0
0
0
0
0
0
0
0
0
0
0
0
0
0
0
0
0
0
0
0
0
0
0
0
0
0
0
0
0
0
0
0
0
0
0
0
0
0
0
0
0
0
0
0
0
-37
384
-37
384
-37
384
-37
383
16
-83
16
-83
16
-83
0
0
0
0
0
0
0
0
0
0
0
0
0
0
0
0
0
0
0
0
0
0
0
0
0
0
0
0
0
0
0
0
0
0
0
0
0
0
0
0
0
0
0
0
0
0
0
0
0
0
16
-83
16
-83
16
-83
16
-83
58
-194
58
-193
58
-193
0
0
0
0
0
0
0
0
0
0
0
0
0
0
0
0
0
0
0
0
0
0
0
0
0
0
0
0
0
0
0
0
0
0
0
0
0
0
0
0
0
0
0
0
0
0
0
0
0
0
58
-193
58
-193
58
-193
58
-193
-171
412
-170
412
-170
412
0
0
0
0
0
0
0
0
0
0
0
0
0
0
0
0
0
0
0
0
0
0
0
0
0
0
0
0
0
0
0
0
0
0
0
0
0
0
0
0
0
0
0
0
0
0
0
0
0
0
-170
412
-170
412
-170
412
-171
412
294
-552
295
-552
295
-552
0
0
0
0
0
0
0
0
0
0
0
0
0
0
0
0
0
0
0
0
0
0
0
0
0
0
0
0
0
0
0
0
0
0
0
0
0
0
0
0
0
0
0
0
0
0
0
0
0
0
295
-552
295
-552
295
-552
295
-552
-403
602
-403
603
-403
603
0
0
0
0
0
0
0
0
0
0
0
0
0
0
0
0
0
0
0
0
0
0
0
0
0
0
0
0
0
0
0
0
0
0
0
0
0
0
0
0
0
0
0
0
0
0
0
0
0
0
-403
603
-403
603
-403
603
-403
603
468
-571
468
-571
468
-571
0
0
0
0
0
0
0
0
0
0
0
0
0
0
0
0
0
0
0
0
0
0
0
0
0
0
0
0
0
0
0
0
0
0
0
0
0
0
0
0
0
0
0
0
0
0
0
0
0
0
468
-571
468
-571
468
-571
468
-571
-473
472
-472
472
-472
472
0
0
0
0
0
0
0
0
0
0
0
0
0
0
0
0
0
0
0
0
0
0
0
0
0
0
0
0
0
0
0
0
0
0
0
0
0
0
0
0
0
0
0
0
0
0
0
0
0
0
-472
472
-472
472
-472
472
-472
472
406
-334
406
-333
406
-333
0
0
0
0
0
0
0
0
0
0
0
0
0
0
0
0
0
0
0
0
0
0
0
0
0
0
0
0
0
0
0
0
0
0
0
0
0
0
0
0
0
0
0
0
0
0
0
0
0
0
406
-333
406
-333
406
-333
406
-333
-274
182
-273
183
-273
182
0
0
0
0
0
0
0
0
0
0
0
0
0
0
0
0
0
0
0
0
0
0
0
0
0
0
0
0
0
0
0
0
0
0
0
0
0
0
0
0
0
0
0
0
0
0
0
0
0
0
-273
183
-273
183
-273
182
-273
183
88
-48
89
-47
89
-47
0
0
0
0
0
0
0
0
0
0
0
0
0
0
0
0
0
0
0
0
0
0
0
0
0
0
0
0
0
0
0
0
0
0
0
0
0
0
0
0
0
0
0
0
0
0
0
0
0
0
89
-47
89
-47
89
-47
89
-47
122
-51
122
-50
122
-50
0
0
0
0
0
0
0
0
0
0
0
0
0
0
0
0
0
0
0
0
0
0
0
0
0
0
0
0
0
0
0
0
0
0
0
0
0
0
0
0
0
0
0
0
0
0
0
0
0
0
122
-50
122
-50
122
-50
122
-50
-333
100
-332
100
-332
100
0
0
0
0
0
0
0
0
0
0
0
0
0
0
0
0
0
0
0
0
0
0
0
0
0
0
0
0
0
0
0
0
0
0
0
0
0
0
0
0
0
0
0
0
0
0
0
0
0
0
-332
100
-332
100
-332
100
-332
100
508
-101
509
-101
509
-101
0
0
0
0
0
0
0
0
0
0
0
0
0
0
0
0
0
0
0
0
0
0
0
0
0
0
0
0
0
0
0
0
0
0
0
0
0
0
0
0
0
0
0
0
0
0
0
0
0
0
509
-101
509
-101
509
-101
509
-101
-627
61
-627
61
-627
61
0
0
0
0
0
0
0
0
0
0
0
0
0
0
0
0
0
0
0
0
0
0
0
0
0
0
0
0
0
0
0
0
0
0
0
0
0
0
0
0
0
0
0
0
0
0
0
0
0
0
-627
61
-627
61
-627
61
-627
61
-4681
0
-4658
458
-4591
913
0
0
0
0
0
0
0
0
0
0
0
0
0
0
0
0
0
0
0
0
0
0
0
0
0
0
0
0
0
0
0
0
0
0
0
0
0
0
0
0
0
0
0
0
0
0
0
0
0
0
-4324
-1791
-4479
-1358
-4591
-913
-4658
-458
4568
449
4591
0
4569
-449
0
0
0
0
0
0
0
0
0
0
0
0
0
0
0
0
0
0
0
0
0
0
0
0
0
0
0
0
0
0
0
0
0
0
0
0
0
0
0
0
0
0
0
0
0
0
0
0
0
0
4049
2164
4241
1756
4393
1332
4502
895
-4245
-844
-4307
-424
-4328
0
0
0
0
0
0
0
0
0
0
0
0
0
0
0
0
0
0
0
0
0
0
0
0
0
0
0
0
0
0
0
0
0
0
0
0
0
0
0
0
0
0
0
0
0
0
0
0
0
0
0
-3598
-2404
-3817
-2040
-3998
-1656
-4141
-1256
3740
1134
3833
762
3890
383
0
0
0
0
0
0
0
0
0
0
0
0
0
0
0
0
0
0
0
0
0
0
0
0
0
0
0
0
0
0
0
0
0
0
0
0
0
0
0
0
0
0
0
0
0
0
0
0
0
0
3021
2479
3250
2171
3447
1842
3611
1495
-3106
-1287
-3217
-976
-3297
-655
0
0
0
0
0
0
0
0
0
0
0
0
0
0
0
0
0
0
0
0
0
0
0
0
0
0
0
0
0
0
0
0
0
0
0
0
0
0
0
0
0
0
0
0
0
0
0
0
0
0
-2377
-2377
-2598
-2132
-2795
-1867
-2964
-1584
2400
1282
2515
1041
2605
790
0
0
0
0
0
0
0
0
0
0
0
0
0
0
0
0
0
0
0
0
0
0
0
0
0
0
0
0
0
0
0
0
0
0
0
0
0
0
0
0
0
0
0
0
0
0
0
0
0
0
1727
2104
1925
1924
2104
1727
2263
1512
-1689
-1129
-1791
-957
-1876
-777
0
0
0
0
0
0
0
0
0
0
0
0
0
0
0
0
0
0
0
0
0
0
0
0
0
0
0
0
0
0
0
0
0
0
0
0
0
0
0
0
0
0
0
0
0
0
0
0
0
0
-1128
-1689
-1288
-1570
-1436
-1436
-1570
-1288
1029
845
1108
740
1175
628
0
0
0
0
0
0
0
0
0
0
0
0
0
0
0
0
0
0
0
0
0
0
0
0
0
0
0
0
0
0
0
0
0
0
0
0
0
0
0
0
0
0
0
0
0
0
0
0
0
0
628
1175
740
1108
845
1030
942
942
-473
-473
-516
-424
-555
-371
0
0
0
0
0
0
0
0
0
0
0
0
0
0
0
0
0
0
0
0
0
0
0
0
0
0
0
0
0
0
0
0
0
0
0
0
0
0
0
0
0
0
0
0
0
0
0
0
0
0
-255
-617
-315
-589
-371
-556
-424
-516
48
58
54
54
59
48
0
0
0
0
0
0
0
0
0
0
0
0
0
0
0
0
0
0
0
0
0
0
0
0
0
0
0
0
0
0
0
0
0
0
0
0
0
0
0
0
0
0
0
0
0
0
0
0
0
0
22
73
29
70
36
67
42
63
228
341
261
318
291
291
0
0
0
0
0
0
0
0
0
0
0
0
0
0
0
0
0
0
0
0
0
0
0
0
0
0
0
0
0
0
0
0
0
0
0
0
0
0
0
0
0
0
0
0
0
0
0
0
0
0
80
403
119
393
157
380
194
363
-365
-683
-430
-644
-491
-598
0
0
0
0
0
0
0
0
0
0
0
0
0
0
0
0
0
0
0
0
0
0
0
0
0
0
0
0
0
0
0
0
0
0
0
0
0
0
0
0
0
0
0
0
0
0
0
0
0
0
-75
-771
-151
-760
-224
-741
-296
-715
382
924
471
882
555
832
0
0
0
0
0
0
0
0
0
0
0
0
0
0
0
0
0
0
0
0
0
0
0
0
0
0
0
0
0
0
0
0
0
0
0
0
0
0
0
0
0
0
0
0
0
0
0
0
0
0
0
1000
98
996
195
981
290
957
-316
-1042
-416
-1006
-513
-960
0
0
0
0
0
0
0
0
0
0
0
0
0
0
0
0
0
0
0
0
0
0
0
0
0
0
0
0
0
0
0
0
0
0
0
0
0
0
0
0
0
0
0
0
0
0
0
0
0
0
106
-1083
0
-1088
-106
-1083
-212
-1067
204
1028
304
1003
401
969
0
0
0
0
0
0
0
0
0
0
0
0
0
0
0
0
0
0
0
0
0
0
0
0
0
0
0
0
0
0
0
0
0
0
0
0
0
0
0
0
0
0
0
0
0
0
0
0
0
0
-204
1028
-102
1043
0
1049
102
1043
-88
-896
-175
-882
-261
-861
0
0
0
0
0
0
0
0
0
0
0
0
0
0
0
0
0
0
0
0
0
0
0
0
0
0
0
0
0
0
0
0
0
0
0
0
0
0
0
0
0
0
0
0
0
0
0
0
0
0
261
-861
175
-882
88
-895
0
-900
0
668
65
665
130
655
0
0
0
0
0
0
0
0
0
0
0
0
0
0
0
0
0
0
0
0
0
0
0
0
0
0
0
0
0
0
0
0
0
0
0
0
0
0
0
0
0
0
0
0
0
0
0
0
0
0
-255
617
-194
640
-130
655
-65
665
37
-384
0
-385
-37
-384
0
0
0
0
0
0
0
0
0
0
0
0
0
0
0
0
0
0
0
0
0
0
0
0
0
0
0
0
0
0
0
0
0
0
0
0
0
0
0
0
0
0
0
0
0
0
0
0
0
0
181
-340
147
-356
112
-369
75
-378
-16
82
-8
84
0
84
0
0
0
0
0
0
0
0
0
0
0
0
0
0
0
0
0
0
0
0
0
0
0
0
0
0
0
0
0
0
0
0
0
0
0
0
0
0
0
0
0
0
0
0
0
0
0
0
0
0
-47
70
-40
74
-32
78
-24
81
-59
193
-39
198
-19
201
0
0
0
0
0
0
0
0
0
0
0
0
0
0
0
0
0
0
0
0
0
0
0
0
0
0
0
0
0
0
0
0
0
0
0
0
0
0
0
0
0
0
0
0
0
0
0
0
0
0
-128
156
-112
168
-95
178
-77
186
170
-413
129
-427
87
-438
0
0
0
0
0
0
0
0
0
0
0
0
0
0
0
0
0
0
0
0
0
0
0
0
0
0
0
0
0
0
0
0
0
0
0
0
0
0
0
0
0
0
0
0
0
0
0
0
0
0
315
-315
283
-345
248
-371
210
-394
-295
551
-239
578
-181
599
0
0
0
0
0
0
0
0
0
0
0
0
0
0
0
0
0
0
0
0
0
0
0
0
0
0
0
0
0
0
0
0
0
0
0
0
0
0
0
0
0
0
0
0
0
0
0
0
0
0
-483
397
-442
442
-397
484
-347
520
402
-603
342
-639
277
-670
0
0
0
0
0
0
0
0
0
0
0
0
0
0
0
0
0
0
0
0
0
0
0
0
0
0
0
0
0
0
0
0
0
0
0
0
0
0
0
0
0
0
0
0
0
0
0
0
0
0
603
-403
560
-460
513
-513
460
-560
-469
570
-410
614
-348
651
0
0
0
0
0
0
0
0
0
0
0
0
0
0
0
0
0
0
0
0
0
0
0
0
0
0
0
0
0
0
0
0
0
0
0
0
0
0
0
0
0
0
0
0
0
0
0
0
0
0
-651
348
-614
410
-571
468
-522
522
472
-473
424
-516
371
-555
0
0
0
0
0
0
0
0
0
0
0
0
0
0
0
0
0
0
0
0
0
0
0
0
0
0
0
0
0
0
0
0
0
0
0
0
0
0
0
0
0
0
0
0
0
0
0
0
0
0
617
-255
589
-315
556
-371
516
-424
-407
333
-372
372
-333
406
0
0
0
0
0
0
0
0
0
0
0
0
0
0
0
0
0
0
0
0
0
0
0
0
0
0
0
0
0
0
0
0
0
0
0
0
0
0
0
0
0
0
0
0
0
0
0
0
0
0
-503
152
-486
201
-464
248
-437
292
273
-183
254
-208
232
-232
0
0
0
0
0
0
0
0
0
0
0
0
0
0
0
0
0
0
0
0
0
0
0
0
0
0
0
0
0
0
0
0
0
0
0
0
0
0
0
0
0
0
0
0
0
0
0
0
0
0
323
-64
315
-95
304
-126
290
-155
-89
47
-84
56
-78
64
0
0
0
0
0
0
0
0
0
0
0
0
0
0
0
0
0
0
0
0
0
0
0
0
0
0
0
0
0
0
0
0
0
0
0
0
0
0
0
0
0
0
0
0
0
0
0
0
0
0
-100
9
-99
19
-96
29
-93
38
-123
50
-117
62
-110
73
0
0
0
0
0
0
0
0
0
0
0
0
0
0
0
0
0
0
0
0
0
0
0
0
0
0
0
0
0
0
0
0
0
0
0
0
0
0
0
0
0
0
0
0
0
0
0
0
0
0
-133
0
-132
13
-130
25
-127
38
332
-101
321
-132
306
-163
0
0
0
0
0
0
0
0
0
0
0
0
0
0
0
0
0
0
0
0
0
0
0
0
0
0
0
0
0
0
0
0
0
0
0
0
0
0
0
0
0
0
0
0
0
0
0
0
0
0
345
34
347
0
345
-33
340
-67
-510
100
-497
150
-479
198
0
0
0
0
0
0
0
0
0
0
0
0
0
0
0
0
0
0
0
0
0
0
0
0
0
0
0
0
0
0
0
0
0
0
0
0
0
0
0
0
0
0
0
0
0
0
0
0
0
0
-509
-101
-516
-50
-519
0
-516
50
626
-62
618
-122
603
-183
0
0
0
0
0
0
0
0
0
0
0
0
0
0
0
0
0
0
0
0
0
0
0
0
0
0
0
0
0
0
0
0
0
0
0
0
0
0
0
0
0
0
0
0
0
0
0
0
0
0
603
182
618
123
627
61
630
0
668
0
668
0
668
0
0
0
0
0
0
0
0
0
0
0
0
0
0
0
0
0
0
0
0
0
0
0
0
0
0
0
0
0
0
0
0
0
0
0
0
0
0
0
0
0
0
0
0
0
0
0
0
0
0
0
668
0
668
0
668
0
668
0
-627
-62
-627
-61
-627
-61
0
0
0
0
0
0
0
0
0
0
0
0
0
0
0
0
0
0
0
0
0
0
0
0
0
0
0
0
0
0
0
0
0
0
0
0
0
0
0
0
0
0
0
0
0
0
0
0
0
0
-627
-61
-627
-61
-627
-61
-627
-61
508
100
509
101
509
101
0
0
0
0
0
0
0
0
0
0
0
0
0
0
0
0
0
0
0
0
0
0
0
0
0
0
0
0
0
0
0
0
0
0
0
0
0
0
0
0
0
0
0
0
0
0
0
0
0
0
509
101
509
101
509
101
509
101
-333
-101
-332
-100
-332
-100
0
0
0
0
0
0
0
0
0
0
0
0
0
0
0
0
0
0
0
0
0
0
0
0
0
0
0
0
0
0
0
0
0
0
0
0
0
0
0
0
0
0
0
0
0
0
0
0
0
0
-332
-100
-332
-100
-332
-100
-332
-100
122
50
122
50
122
50
0
0
0
0
0
0
0
0
0
0
0
0
0
0
0
0
0
0
0
0
0
0
0
0
0
0
0
0
0
0
0
0
0
0
0
0
0
0
0
0
0
0
0
0
0
0
0
0
0
0
122
50
122
50
122
50
122
50
88
47
89
47
89
47
0
0
0
0
0
0
0
0
0
0
0
0
0
0
0
0
0
0
0
0
0
0
0
0
0
0
0
0
0
0
0
0
0
0
0
0
0
0
0
0
0
0
0
0
0
0
0
0
0
0
89
47
89
47
89
47
89
47
-274
-183
-273
-183
-273
-182
0
0
0
0
0
0
0
0
0
0
0
0
0
0
0
0
0
0
0
0
0
0
0
0
0
0
0
0
0
0
0
0
0
0
0
0
0
0
0
0
0
0
0
0
0
0
0
0
0
0
-273
-183
-273
-183
-273
-182
-273
-183
406
333
406
333
406
333
0
0
0
0
0
0
0
0
0
0
0
0
0
0
0
0
0
0
0
0
0
0
0
0
0
0
0
0
0
0
0
0
0
0
0
0
0
0
0
0
0
0
0
0
0
0
0
0
0
0
406
333
406
333
406
333
406
333
-473
-473
-472
-472
-472
-472
0
0
0
0
0
0
0
0
0
0
0
0
0
0
0
0
0
0
0
0
0
0
0
0
0
0
0
0
0
0
0
0
0
0
0
0
0
0
0
0
0
0
0
0
0
0
0
0
0
0
-472
-472
-472
-472
-472
-472
-472
-472
468
570
468
571
468
571
0
0
0
0
0
0
0
0
0
0
0
0
0
0
0
0
0
0
0
0
0
0
0
0
0
0
0
0
0
0
0
0
0
0
0
0
0
0
0
0
0
0
0
0
0
0
0
0
0
0
468
571
468
571
468
571
468
571
-403
-603
-403
-603
-403
-603
0
0
0
0
0
0
0
0
0
0
0
0
0
0
0
0
0
0
0
0
0
0
0
0
0
0
0
0
0
0
0
0
0
0
0
0
0
0
0
0
0
0
0
0
0
0
0
0
0
0
-403
-603
-403
-603
-403
-603
-403
-603
294
551
295
552
295
552
0
0
0
0
0
0
0
0
0
0
0
0
0
0
0
0
0
0
0
0
0
0
0
0
0
0
0
0
0
0
0
0
0
0
0
0
0
0
0
0
0
0
0
0
0
0
0
0
0
0
295
552
295
552
295
552
295
552
-171
-413
-170
-412
-170
-412
0
0
0
0
0
0
0
0
0
0
0
0
0
0
0
0
0
0
0
0
0
0
0
0
0
0
0
0
0
0
0
0
0
0
0
0
0
0
0
0
0
0
0
0
0
0
0
0
0
0
-170
-412
-170
-412
-170
-412
-171
-412
58
193
58
193
58
193
0
0
0
0
0
0
0
0
0
0
0
0
0
0
0
0
0
0
0
0
0
0
0
0
0
0
0
0
0
0
0
0
0
0
0
0
0
0
0
0
0
0
0
0
0
0
0
0
0
0
58
193
58
193
58
193
58
193
16
82
16
83
16
83
0
0
0
0
0
0
0
0
0
0
0
0
0
0
0
0
0
0
0
0
0
0
0
0
0
0
0
0
0
0
0
0
0
0
0
0
0
0
0
0
0
0
0
0
0
0
0
0
0
0
16
83
16
83
16
83
16
83
-38
-384
-37
-384
-37
-384
0
0
0
0
0
0
0
0
0
0
0
0
0
0
0
0
0
0
0
0
0
0
0
0
0
0
0
0
0
0
0
0
0
0
0
0
0
0
0
0
0
0
0
0
0
0
0
0
0
0
-37
-384
-37
-384
-37
-384
-37
-383
0
668
0
668
0
668
0
0
0
0
0
0
0
0
0
0
0
0
0
0
0
0
0
0
0
0
0
0
0
0
0
0
0
0
0
0
0
0
0
0
0
0
0
0
0
0
0
0
0
0
0
0
0
0
0
0
0
668
0
668
0
668
0
668
87
-896
88
-895
88
-895
0
0
0
0
0
0
0
0
0
0
0
0
0
0
0
0
0
0
0
0
0
0
0
0
0
0
0
0
0
0
0
0
0
0
0
0
0
0
0
0
0
0
0
0
0
0
0
0
0
0
88
-895
88
-895
88
-895
88
-895
-205
1028
-204
1028
-204
1028
0
0
0
0
0
0
0
0
0
0
0
0
0
0
0
0
0
0
0
0
0
0
0
0
0
0
0
0
0
0
0
0
0
0
0
0
0
0
0
0
0
0
0
0
0
0
0
0
0
0
-204
1028
-204
1028
-204
1028
-204
1028
315
-1042
316
-1042
316
-1041
0
0
0
0
0
0
0
0
0
0
0
0
0
0
0
0
0
0
0
0
0
0
0
0
0
0
0
0
0
0
0
0
0
0
0
0
0
0
0
0
0
0
0
0
0
0
0
0
0
0
316
-1042
316
-1042
316
-1042
316
-1042
-383
924
-383
924
-382
924
0
0
0
0
0
0
0
0
0
0
0
0
0
0
0
0
0
0
0
0
0
0
0
0
0
0
0
0
0
0
0
0
0
0
0
0
0
0
0
0
0
0
0
0
0
0
0
0
0
0
-382
924
-382
924
-382
924
-383
924
364
-683
365
-683
365
-683
0
0
0
0
0
0
0
0
0
0
0
0
0
0
0
0
0
0
0
0
0
0
0
0
0
0
0
0
0
0
0
0
0
0
0
0
0
0
0
0
0
0
0
0
0
0
0
0
0
0
365
-683
365
-683
365
-683
365
-683
-229
342
-228
342
-228
342
0
0
0
0
0
0
0
0
0
0
0
0
0
0
0
0
0
0
0
0
0
0
0
0
0
0
0
0
0
0
0
0
0
0
0
0
0
0
0
0
0
0
0
0
0
0
0
0
0
0
-228
342
-228
342
-228
342
-228
342
-49
58
-48
59
-48
59
0
0
0
0
0
0
0
0
0
0
0
0
0
0
0
0
0
0
0
0
0
0
0
0
0
0
0
0
0
0
0
0
0
0
0
0
0
0
0
0
0
0
0
0
0
0
0
0
0
0
-48
59
-48
59
-48
59
-48
59
472
-473
472
-472
472
-472
0
0
0
0
0
0
0
0
0
0
0
0
0
0
0
0
0
0
0
0
0
0
0
0
0
0
0
0
0
0
0
0
0
0
0
0
0
0
0
0
0
0
0
0
0
0
0
0
0
0
472
-472
472
-472
472
-472
472
-472
-1030
845
-1030
845
-1030
845
0
0
0
0
0
0
0
0
0
0
0
0
0
0
0
0
0
0
0
0
0
0
0
0
0
0
0
0
0
0
0
0
0
0
0
0
0
0
0
0
0
0
0
0
0
0
0
0
0
0
-1030
845
-1030
845
-1030
845
-1030
845
1688
-1129
1689
-1128
1689
-1128
0
0
0
0
0
0
0
0
0
0
0
0
0
0
0
0
0
0
0
0
0
0
0
0
0
0
0
0
0
0
0
0
0
0
0
0
0
0
0
0
0
0
0
0
0
0
0
0
0
0
1689
-1128
1689
-1128
1689
-1128
1689
-1128
-2401
1282
-2400
1283
-2400
1283
0
0
0
0
0
0
0
0
0
0
0
0
0
0
0
0
0
0
0
0
0
0
0
0
0
0
0
0
0
0
0
0
0
0
0
0
0
0
0
0
0
0
0
0
0
0
0
0
0
0
-2400
1283
-2400
1283
-2400
1283
-2401
1283
3105
-1287
3105
-1286
3105
-1286
0
0
0
0
0
0
0
0
0
0
0
0
0
0
0
0
0
0
0
0
0
0
0
0
0
0
0
0
0
0
0
0
0
0
0
0
0
0
0
0
0
0
0
0
0
0
0
0
0
0
3105
-1286
3105
-1286
3105
-1286
3105
-1286
-3741
1134
-3740
1134
-3740
1134
0
0
0
0
0
0
0
0
0
0
0
0
0
0
0
0
0
0
0
0
0
0
0
0
0
0
0
0
0
0
0
0
0
0
0
0
0
0
0
0
0
0
0
0
0
0
0
0
0
0
-3740
1134
-3740
1134
-3740
1134
-3740
1134
4244
-844
4244
-844
4244
-844
0
0
0
0
0
0
0
0
0
0
0
0
0
0
0
0
0
0
0
0
0
0
0
0
0
0
0
0
0
0
0
0
0
0
0
0
0
0
0
0
0
0
0
0
0
0
0
0
0
0
4244
-844
4244
-844
4244
-844
4244
-844
-4569
449
-4569
450
-4569
450
0
0
0
0
0
0
0
0
0
0
0
0
0
0
0
0
0
0
0
0
0
0
0
0
0
0
0
0
0
0
0
0
0
0
0
0
0
0
0
0
0
0
0
0
0
0
0
0
0
0
-4569
450
-4569
449
-4569
450
-4569
450
-669
0
-665
65
-655
130
0
0
0
0
0
0
0
0
0
0
0
0
0
0
0
0
0
0
0
0
0
0
0
0
0
0
0
0
0
0
0
0
0
0
0
0
0
0
0
0
0
0
0
0
0
0
0
0
0
0
-617
-255
-640
-194
-655
-130
-665
-65
626
61
630
0
627
-61
0
0
0
0
0
0
0
0
0
0
0
0
0
0
0
0
0
0
0
0
0
0
0
0
0
0
0
0
0
0
0
0
0
0
0
0
0
0
0
0
0
0
0
0
0
0
0
0
0
0
555
297
582
241
603
183
618
123
-510
-101
-516
-50
-519
0
0
0
0
0
0
0
0
0
0
0
0
0
0
0
0
0
0
0
0
0
0
0
0
0
0
0
0
0
0
0
0
0
0
0
0
0
0
0
0
0
0
0
0
0
0
0
0
0
0
0
-431
-288
-457
-244
-479
-198
-497
-150
332
100
340
67
345
34
0
0
0
0
0
0
0
0
0
0
0
0
0
0
0
0
0
0
0
0
0
0
0
0
0
0
0
0
0
0
0
0
0
0
0
0
0
0
0
0
0
0
0
0
0
0
0
0
0
0
268
220
288
193
306
163
321
132
-123
-51
-127
-38
-130
-25
0
0
0
0
0
0
0
0
0
0
0
0
0
0
0
0
0
0
0
0
0
0
0
0
0
0
0
0
0
0
0
0
0
0
0
0
0
0
0
0
0
0
0
0
0
0
0
0
0
0
-94
-94
-102
-84
-110
-73
-117
-62
-89
-48
-93
-38
-96
-29
0
0
0
0
0
0
0
0
0
0
0
0
0
0
0
0
0
0
0
0
0
0
0
0
0
0
0
0
0
0
0
0
0
0
0
0
0
0
0
0
0
0
0
0
0
0
0
0
0
0
-64
-78
-71
-71
-78
-64
-84
-56
273
182
290
155
304
126
0
0
0
0
0
0
0
0
0
0
0
0
0
0
0
0
0
0
0
0
0
0
0
0
0
0
0
0
0
0
0
0
0
0
0
0
0
0
0
0
0
0
0
0
0
0
0
0
0
0
183
273
208
254
232
232
254
208
-407
-334
-437
-292
-464
-248
0
0
0
0
0
0
0
0
0
0
0
0
0
0
0
0
0
0
0
0
0
0
0
0
0
0
0
0
0
0
0
0
0
0
0
0
0
0
0
0
0
0
0
0
0
0
0
0
0
0
-248
-464
-292
-437
-333
-406
-372
-372
472
472
516
424
555
371
0
0
0
0
0
0
0
0
0
0
0
0
0
0
0
0
0
0
0
0
0
0
0
0
0
0
0
0
0
0
0
0
0
0
0
0
0
0
0
0
0
0
0
0
0
0
0
0
0
0
255
617
315
589
371
556
424
516
-469
-571
-522
-522
-571
-468
0
0
0
0
0
0
0
0
0
0
0
0
0
0
0
0
0
0
0
0
0
0
0
0
0
0
0
0
0
0
0
0
0
0
0
0
0
0
0
0
0
0
0
0
0
0
0
0
0
0
-214
-707
-282
-682
-348
-651
-410
-614
402
602
460
560
513
513
0
0
0
0
0
0
0
0
0
0
0
0
0
0
0
0
0
0
0
0
0
0
0
0
0
0
0
0
0
0
0
0
0
0
0
0
0
0
0
0
0
0
0
0
0
0
0
0
0
0
141
711
210
694
277
670
342
639
-295
-552
-347
-520
-397
-484
0
0
0
0
0
0
0
0
0
0
0
0
0
0
0
0
0
0
0
0
0
0
0
0
0
0
0
0
0
0
0
0
0
0
0
0
0
0
0
0
0
0
0
0
0
0
0
0
0
0
-61
-623
-122
-614
-181
-599
-239
-578
170
412
210
394
248
371
0
0
0
0
0
0
0
0
0
0
0
0
0
0
0
0
0
0
0
0
0
0
0
0
0
0
0
0
0
0
0
0
0
0
0
0
0
0
0
0
0
0
0
0
0
0
0
0
0
0
0
446
43
444
87
438
129
427
-59
-194
-77
-186
-95
-178
0
0
0
0
0
0
0
0
0
0
0
0
0
0
0
0
0
0
0
0
0
0
0
0
0
0
0
0
0
0
0
0
0
0
0
0
0
0
0
0
0
0
0
0
0
0
0
0
0
0
19
-201
0
-202
-19
-201
-39
-198
-16
-83
-24
-81
-32
-78
0
0
0
0
0
0
0
0
0
0
0
0
0
0
0
0
0
0
0
0
0
0
0
0
0
0
0
0
0
0
0
0
0
0
0
0
0
0
0
0
0
0
0
0
0
0
0
0
0
0
16
-83
8
-84
0
-84
-8
-84
37
383
75
378
111
369
0
0
0
0
0
0
0
0
0
0
0
0
0
0
0
0
0
0
0
0
0
0
0
0
0
0
0
0
0
0
0
0
0
0
0
0
0
0
0
0
0
0
0
0
0
0
0
0
0
0
-111
369
-75
378
-37
384
0
385
0
-669
-65
-665
-130
-655
0
0
0
0
0
0
0
0
0
0
0
0
0
0
0
0
0
0
0
0
0
0
0
0
0
0
0
0
0
0
0
0
0
0
0
0
0
0
0
0
0
0
0
0
0
0
0
0
0
0
255
-617
194
-640
130
-655
65
-665
-88
895
0
900
88
895
0
0
0
0
0
0
0
0
0
0
0
0
0
0
0
0
0
0
0
0
0
0
0
0
0
0
0
0
0
0
0
0
0
0
0
0
0
0
0
0
0
0
0
0
0
0
0
0
0
0
-424
793
-344
831
-261
861
-175
882
204
-1029
102
-1043
0
-1049
0
0
0
0
0
0
0
0
0
0
0
0
0
0
0
0
0
0
0
0
0
0
0
0
0
0
0
0
0
0
0
0
0
0
0
0
0
0
0
0
0
0
0
0
0
0
0
0
0
0
582
-872
494
-925
401
-969
304
-1003
-316
1041
-212
1068
-106
1083
0
0
0
0
0
0
0
0
0
0
0
0
0
0
0
0
0
0
0
0
0
0
0
0
0
0
0
0
0
0
0
0
0
0
0
0
0
0
0
0
0
0
0
0
0
0
0
0
0
0
-690
841
-604
905
-513
960
-416
1006
382
-925
290
-957
195
-981
0
0
0
0
0
0
0
0
0
0
0
0
0
0
0
0
0
0
0
0
0
0
0
0
0
0
0
0
0
0
0
0
0
0
0
0
0
0
0
0
0
0
0
0
0
0
0
0
0
0
707
-707
635
-773
555
-832
471
-882
-365
682
-296
715
-224
741
0
0
0
0
0
0
0
0
0
0
0
0
0
0
0
0
0
0
0
0
0
0
0
0
0
0
0
0
0
0
0
0
0
0
0
0
0
0
0
0
0
0
0
0
0
0
0
0
0
0
-599
491
-547
547
-491
599
-430
644
228
-342
194
-363
157
-380
0
0
0
0
0
0
0
0
0
0
0
0
0
0
0
0
0
0
0
0
0
0
0
0
0
0
0
0
0
0
0
0
0
0
0
0
0
0
0
0
0
0
0
0
0
0
0
0
0
0
342
-228
318
-261
291
-291
261
-318
48
-59
42
-63
36
-67
0
0
0
0
0
0
0
0
0
0
0
0
0
0
0
0
0
0
0
0
0
0
0
0
0
0
0
0
0
0
0
0
0
0
0
0
0
0
0
0
0
0
0
0
0
0
0
0
0
0
67
-36
63
-42
59
-48
54
-54
-473
472
-424
516
-371
555
0
0
0
0
0
0
0
0
0
0
0
0
0
0
0
0
0
0
0
0
0
0
0
0
0
0
0
0
0
0
0
0
0
0
0
0
0
0
0
0
0
0
0
0
0
0
0
0
0
0
-617
255
-589
315
-556
371
-516
424
1029
-846
942
-942
845
-1030
0
0
0
0
0
0
0
0
0
0
0
0
0
0
0
0
0
0
0
0
0
0
0
0
0
0
0
0
0
0
0
0
0
0
0
0
0
0
0
0
0
0
0
0
0
0
0
0
0
0
1275
-386
1231
-510
1175
-628
1108
-740
-1689
1128
-1570
1288
-1436
1436
0
0
0
0
0
0
0
0
0
0
0
0
0
0
0
0
0
0
0
0
0
0
0
0
0
0
0
0
0
0
0
0
0
0
0
0
0
0
0
0
0
0
0
0
0
0
0
0
0
0
-1992
396
-1944
589
-1877
777
-1791
957
2400
-1283
2263
-1512
2104
-1727
0
0
0
0
0
0
0
0
0
0
0
0
0
0
0
0
0
0
0
0
0
0
0
0
0
0
0
0
0
0
0
0
0
0
0
0
0
0
0
0
0
0
0
0
0
0
0
0
0
0
2709
-266
2670
-531
2605
-790
2515
-1041
-3106
1286
-2964
1584
-2795
1867
0
0
0
0
0
0
0
0
0
0
0
0
0
0
0
0
0
0
0
0
0
0
0
0
0
0
0
0
0
0
0
0
0
0
0
0
0
0
0
0
0
0
0
0
0
0
0
0
0
0
-3361
0
-3345
329
-3297
655
-3217
975
3740
-1135
3611
-1495
3447
-1842
0
0
0
0
0
0
0
0
0
0
0
0
0
0
0
0
0
0
0
0
0
0
0
0
0
0
0
0
0
0
0
0
0
0
0
0
0
0
0
0
0
0
0
0
0
0
0
0
0
0
3890
383
3908
0
3890
-383
3834
-762
-4245
843
-4141
1256
-3998
1656
0
0
0
0
0
0
0
0
0
0
0
0
0
0
0
0
0
0
0
0
0
0
0
0
0
0
0
0
0
0
0
0
0
0
0
0
0
0
0
0
0
0
0
0
0
0
0
0
0
0
-4244
-844
-4307
-424
-4328
0
-4307
424
4568
-450
4503
-895
4393
-1332
0
0
0
0
0
0
0
0
0
0
0
0
0
0
0
0
0
0
0
0
0
0
0
0
0
0
0
0
0
0
0
0
0
0
0
0
0
0
0
0
0
0
0
0
0
0
0
0
0
0
4393
1332
4502
895
4569
449
4591
0
