          0 	    0
      32767 	    1
          0 	    2
      32610 	    3
      -3211 	    4
      32138 	    5
      -6392 	    6
      31357 	    7
      -9512 	    8
      30273 	    9
     -12539 	   10
      28898 	   11
     -15446 	   12
      27245 	   13
     -18204 	   14
      25329 	   15
     -20787 	   16
      23170 	   17
     -23170 	   18
      20787 	   19
     -25330 	   20
      18204 	   21
     -27245 	   22
      15446 	   23
     -28898 	   24
      12539 	   25
     -30273 	   26
       9511 	   27
     -31357 	   28
       6392 	   29
     -32138 	   30
       3211 	   31
     -32610 	   32
          0 	   33
     -32768 	   34
      -3211 	   35
     -32610 	   36
      -6392 	   37
     -32138 	   38
      -9512 	   39
     -31356 	   40
     -12539 	   41
     -30273 	   42
     -15446 	   43
     -28898 	   44
     -18205 	   45
     -27245 	   46
     -20787 	   47
     -25329 	   48
     -23170 	   49
     -23170 	   50
     -25330 	   51
     -20787 	   52
     -27245 	   53
     -18204 	   54
     -28898 	   55
     -15446 	   56
     -30273 	   57
     -12539 	   58
     -31357 	   59
      -9511 	   60
     -32138 	   61
      -6392 	   62
     -32610 	   63
      -3211 	   64
          0 	   65
          0 	   66
          0 	   67
          0 	   68
          0 	   69
          0 	   70
          0 	   71
          0 	   72
          0 	   73
          0 	   74
          0 	   75
          0 	   76
          0 	   77
          0 	   78
          0 	   79
          0 	   80
          0 	   81
          0 	   82
          0 	   83
          0 	   84
          0 	   85
          0 	   86
          0 	   87
          0 	   88
          0 	   89
          0 	   90
          0 	   91
          0 	   92
          0 	   93
          0 	   94
          0 	   95
          0 	   96
          0 	   97
          0 	   98
          0 	   99
          0 	  100
          0 	  101
          0 	  102
          0 	  103
          0 	  104
          0 	  105
          0 	  106
          0 	  107
          0 	  108
          0 	  109
          0 	  110
          0 	  111
          0 	  112
          0 	  113
          0 	  114
          0 	  115
          0 	  116
          0 	  117
          0 	  118
          0 	  119
          0 	  120
          0 	  121
          0 	  122
          0 	  123
          0 	  124
          0 	  125
          0 	  126
          0 	  127
          0 	  128
          0 	  129
          0 	  130
          0 	  131
          0 	  132
          0 	  133
          0 	  134
          0 	  135
          0 	  136
          0 	  137
          0 	  138
          0 	  139
          0 	  140
          0 	  141
          0 	  142
          0 	  143
          0 	  144
          0 	  145
          0 	  146
          0 	  147
          0 	  148
          0 	  149
          0 	  150
          0 	  151
          0 	  152
          0 	  153
          0 	  154
          0 	  155
          0 	  156
          0 	  157
          0 	  158
          0 	  159
          0 	  160
          0 	  161
          0 	  162
          0 	  163
          0 	  164
          0 	  165
          0 	  166
          0 	  167
          0 	  168
          0 	  169
          0 	  170
          0 	  171
          0 	  172
          0 	  173
          0 	  174
          0 	  175
          0 	  176
          0 	  177
          0 	  178
          0 	  179
          0 	  180
          0 	  181
          0 	  182
          0 	  183
          0 	  184
          0 	  185
          0 	  186
          0 	  187
          0 	  188
          0 	  189
          0 	  190
          0 	  191
          0 	  192
          0 	  193
          0 	  194
          0 	  195
          0 	  196
          0 	  197
          0 	  198
          0 	  199
          0 	  200
          0 	  201
          0 	  202
          0 	  203
          0 	  204
          0 	  205
          0 	  206
          0 	  207
          0 	  208
          0 	  209
          0 	  210
          0 	  211
          0 	  212
          0 	  213
          0 	  214
          0 	  215
          0 	  216
          0 	  217
          0 	  218
          0 	  219
          0 	  220
          0 	  221
          0 	  222
          0 	  223
          0 	  224
          0 	  225
          0 	  226
          0 	  227
          0 	  228
          0 	  229
          0 	  230
          0 	  231
          0 	  232
          0 	  233
          0 	  234
          0 	  235
          0 	  236
          0 	  237
          0 	  238
          0 	  239
          0 	  240
          0 	  241
          0 	  242
          0 	  243
          0 	  244
          0 	  245
          0 	  246
          0 	  247
          0 	  248
          0 	  249
          0 	  250
          0 	  251
          0 	  252
          0 	  253
          0 	  254
          0 	  255
      32767 	  256
          0 	  257
     -26511 	  258
          0 	  259
      10124 	  260
          0 	  261
     -26507 	  262
          0 	  263
     -26509 	  264
          0 	  265
      32767 	  266
          0 	  267
      10128 	  268
          0 	  269
      10120 	  270
          0 	  271
      10126 	  272
          0 	  273
      10122 	  274
          0 	  275
      32767 	  276
          0 	  277
     -26512 	  278
          0 	  279
     -26510 	  280
          0 	  281
      10129 	  282
          0 	  283
     -26508 	  284
          0 	  285
      32767 	  286
          0 	  287
     -26509 	  288
          0 	  289
      10128 	  290
          0 	  291
     -26508 	  292
          0 	  293
      32767 	  294
          0 	  295
      32767 	  296
          0 	  297
     -26512 	  298
          0 	  299
      10123 	  300
          0 	  301
     -26506 	  302
          0 	  303
      10125 	  304
          0 	  305
     -26507 	  306
          0 	  307
     -26511 	  308
          0 	  309
      10130 	  310
          0 	  311
      10127 	  312
          0 	  313
      10121 	  314
          0 	  315
      32767 	  316
          0 	  317
     -26513 	  318
          0 	  319
      10125 	  320
          0 	  321
     -26508 	  322
          0 	  323
     -26510 	  324
          0 	  325
      10130 	  326
          0 	  327
      10126 	  328
          0 	  329
      10122 	  330
          0 	  331
      32767 	  332
          0 	  333
     -26513 	  334
          0 	  335
      32767 	  336
          0 	  337
     -26511 	  338
          0 	  339
      10123 	  340
          0 	  341
     -26506 	  342
          0 	  343
     -26509 	  344
          0 	  345
      32767 	  346
          0 	  347
      10128 	  348
          0 	  349
      10120 	  350
          0 	  351
     -26509 	  352
          0 	  353
      32767 	  354
          0 	  355
      10127 	  356
          0 	  357
      10121 	  358
          0 	  359
      10124 	  360
          0 	  361
     -26507 	  362
          0 	  363
     -26511 	  364
          0 	  365
      10131 	  366
          0 	  367
     -26510 	  368
          0 	  369
      10129 	  370
          0 	  371
     -26508 	  372
          0 	  373
      32767 	  374
          0 	  375
      32767 	  376
          0 	  377
     -26512 	  378
          0 	  379
      10123 	  380
          0 	  381
     -26506 	  382
          0 	  383
      32767 	  384
          0 	  385
     -26511 	  386
          0 	  387
      10124 	  388
          0 	  389
     -26507 	  390
          0 	  391
     -26509 	  392
          0 	  393
      32767 	  394
          0 	  395
      10128 	  396
          0 	  397
      10120 	  398
          0 	  399
      10126 	  400
          0 	  401
      10122 	  402
          0 	  403
      32767 	  404
          0 	  405
     -26512 	  406
          0 	  407
     -26510 	  408
          0 	  409
      10129 	  410
          0 	  411
     -26508 	  412
          0 	  413
      32767 	  414
          0 	  415
     -26509 	  416
          0 	  417
      10128 	  418
          0 	  419
     -26508 	  420
          0 	  421
      32767 	  422
          0 	  423
      32767 	  424
          0 	  425
     -26512 	  426
          0 	  427
      10123 	  428
          0 	  429
     -26506 	  430
          0 	  431
      10125 	  432
          0 	  433
     -26507 	  434
          0 	  435
     -26511 	  436
          0 	  437
      10130 	  438
          0 	  439
      10127 	  440
          0 	  441
      10121 	  442
          0 	  443
      32767 	  444
          0 	  445
     -26513 	  446
          0 	  447
      10125 	  448
          0 	  449
     -26508 	  450
          0 	  451
     -26510 	  452
          0 	  453
      10130 	  454
          0 	  455
      10126 	  456
          0 	  457
      10122 	  458
          0 	  459
      32767 	  460
          0 	  461
     -26513 	  462
          0 	  463
      32767 	  464
          0 	  465
     -26511 	  466
          0 	  467
      10123 	  468
          0 	  469
     -26506 	  470
          0 	  471
     -26509 	  472
          0 	  473
      32767 	  474
          0 	  475
      10128 	  476
          0 	  477
      10120 	  478
          0 	  479
     -26509 	  480
          0 	  481
      32767 	  482
          0 	  483
      10127 	  484
          0 	  485
      10121 	  486
          0 	  487
      10124 	  488
          0 	  489
     -26507 	  490
          0 	  491
     -26511 	  492
          0 	  493
      10131 	  494
          0 	  495
     -26510 	  496
          0 	  497
      10129 	  498
          0 	  499
     -26508 	  500
          0 	  501
      32767 	  502
          0 	  503
      32767 	  504
          0 	  505
     -26512 	  506
          0 	  507
      10123 	  508
          0 	  509
     -26506 	  510
          0 	  511
