127
0
-19
124
-115
-37
51
-101
83
60
-64
63
-44
-60
51
-26
12
37
-19
3
0
0
-19
-3
12
-37
51
26
-44
60
-63
-64
83
-60
51
101
-115
37
-19
-124
127
0
-19
124
-115
-37
51
-101
83
60
-64
63
-44
-60
51
-26
12
37
-19
3
0
0
-19
-3
12
-37
51
26
-44
60
-63
-64
83
-60
51
101
-115
37
-19
-124
127
0
-19
124
-115
-37
51
-101
83
60
-64
63
-44
-60
51
-26
12
37
-19
3
0
0
-19
-3
12
-37
51
26
-44
60
-63
-64
83
-60
51
101
-115
37
-19
-124
127
0
-19
124
-115
-37
51
-101
83
60
-64
63
-44
-60
51
-26
12
37
-19
3
0
0
-19
-3
12
-37
51
26
-44
60
-63
-64
83
-60
51
101
-115
37
-19
-124
127
0
-19
124
-115
-37
51
-101
83
60
-64
63
-44
-60
51
-26
12
37
-19
3
0
0
-19
-3
12
-37
51
26
-44
60
-63
-64
83
-60
51
101
-115
37
-19
-124
127
0
-19
124
-115
-37
51
-101
83
60
-64
63
-44
-60
51
-26
12
37
-19
3
0
0
-19
-3
12
-37
51
26
-44
60
-63
-64
83
-60
51
101
-115
37
-19
-124
127
0
-19
124
-115
-37
51
-101
83
60
-64
63
-44
-60
51
-26
12
37
-19
3
0
0
-19
-3
12
-37
51
26
-44
60
-63
-64
83
-60
51
101
-115
37
-19
-124
127
0
-19
124
-115
-37
51
-101
83
60
-64
63
-44
-60
51
-26
12
37
-19
3
0
0
-19
-3
12
-37
51
26
-44
60
-63
-64
83
-60
51
101
-115
37
-19
-124
127
0
-19
124
-115
-37
51
-101
83
60
-64
63
-44
-60
51
-26
12
37
-19
3
0
0
-19
-3
12
-37
51
26
-44
60
-63
-64
83
-60
51
101
-115
37
-19
-124
127
0
-19
124
-115
-37
51
-101
83
60
-64
63
-44
-60
51
-26
12
37
-19
3
0
0
-19
-3
12
-37
51
26
-44
60
-63
-64
83
-60
51
101
-115
37
-19
-124
127
0
-19
124
-115
-37
51
-101
83
60
-64
63
-44
-60
51
-26
12
37
-19
3
0
0
-19
-3
12
-37
51
26
-44
60
-63
-64
83
-60
51
101
-115
37
-19
-124
127
0
-19
124
-115
-37
51
-101
83
60
-64
63
-44
-60
51
-26
12
37
-19
3
0
0
-19
-3
12
-37
51
26
-44
60
-63
-64
83
-60
51
101
-115
37
-19
-124
127
0
-19
124
-115
-37
51
-101
83
60
-64
63
-44
-60
51
-26
12
37
-19
3
0
0
-19
-3
12
-37
51
26
-44
60
-63
-64
