127
0
14
89
0
0
41
80
-103
75
-63
-64
0
0
-80
-41
39
-121
89
14
0
0
89
-14
39
121
-80
41
0
0
-64
63
-103
-75
41
-80
0
0
14
-89
127
0
14
89
0
0
41
80
-103
75
-63
-64
0
0
-80
-41
39
-121
89
14
0
0
89
-14
39
121
-80
41
0
0
-64
63
-103
-75
41
-80
0
0
14
-89
127
0
14
89
0
0
41
80
-103
75
-63
-64
0
0
-80
-41
39
-121
89
14
0
0
89
-14
39
121
-80
41
0
0
-64
63
-103
-75
41
-80
0
0
14
-89
127
0
14
89
0
0
41
80
-103
75
-63
-64
0
0
-80
-41
39
-121
89
14
0
0
89
-14
39
121
-80
41
0
0
-64
63
-103
-75
41
-80
0
0
14
-89
127
0
14
89
0
0
41
80
-103
75
-63
-64
0
0
-80
-41
39
-121
89
14
0
0
89
-14
39
121
-80
41
0
0
-64
63
-103
-75
41
-80
0
0
14
-89
127
0
14
89
0
0
41
80
-103
75
-63
-64
0
0
-80
-41
39
-121
89
14
0
0
89
-14
39
121
-80
41
0
0
-64
63
-103
-75
41
-80
0
0
14
-89
127
0
14
89
0
0
41
80
-103
75
-63
-64
0
0
-80
-41
39
-121
89
14
0
0
89
-14
39
121
-80
41
0
0
-64
63
-103
-75
41
-80
0
0
14
-89
127
0
14
89
0
0
41
80
-103
75
-63
-64
0
0
-80
-41
39
-121
89
14
0
0
89
-14
39
121
-80
41
0
0
-64
63
-103
-75
41
-80
0
0
14
-89
127
0
14
89
0
0
41
80
-103
75
-63
-64
0
0
-80
-41
39
-121
89
14
0
0
89
-14
39
121
-80
41
0
0
-64
63
-103
-75
41
-80
0
0
14
-89
127
0
14
89
0
0
41
80
-103
75
-63
-64
0
0
-80
-41
39
-121
89
14
0
0
89
-14
39
121
-80
41
0
0
-64
63
-103
-75
41
-80
0
0
14
-89
127
0
14
89
0
0
41
80
-103
75
-63
-64
0
0
-80
-41
39
-121
89
14
0
0
89
-14
39
121
-80
41
0
0
-64
63
-103
-75
41
-80
0
0
14
-89
127
0
14
89
0
0
41
80
-103
75
-63
-64
0
0
-80
-41
39
-121
89
14
0
0
89
-14
39
121
-80
41
0
0
-64
63
-103
-75
41
-80
0
0
14
-89
127
0
14
89
0
0
41
80
-103
75
-63
-64
0
0
-80
-41
39
-121
89
14
0
0
89
-14
39
121
-80
41
0
0
-64
63
