01111111
00000000
11101101
01111100
10001101
11011011
00110011
10011011
01010011
00111100
11000000
00111111
11010100
11000100
00110011
11100110
00001100
00100101
11101101
00000011
00000000
00000000
11101101
11111101
00001100
11011011
00110011
00011010
11010100
00111100
11000001
11000000
01010011
11000100
00110011
01100101
10001101
00100101
11101101
10000100
01111111
00000000
11101101
01111100
10001101
11011011
00110011
10011011
01010011
00111100
11000000
00111111
11010100
11000100
00110011
11100110
00001100
00100101
11101101
00000011
00000000
00000000
11101101
11111101
00001100
11011011
00110011
00011010
11010100
00111100
11000001
11000000
01010011
11000100
00110011
01100101
10001101
00100101
11101101
10000100
01111111
00000000
11101101
01111100
10001101
11011011
00110011
10011011
01010011
00111100
11000000
00111111
11010100
11000100
00110011
11100110
00001100
00100101
11101101
00000011
00000000
00000000
11101101
11111101
00001100
11011011
00110011
00011010
11010100
00111100
11000001
11000000
01010011
11000100
00110011
01100101
10001101
00100101
11101101
10000100
01111111
00000000
11101101
01111100
10001101
11011011
00110011
10011011
01010011
00111100
11000000
00111111
11010100
11000100
00110011
11100110
00001100
00100101
11101101
00000011
00000000
00000000
11101101
11111101
00001100
11011011
00110011
00011010
11010100
00111100
11000001
11000000
01010011
11000100
00110011
01100101
10001101
00100101
11101101
10000100
01111111
00000000
11101101
01111100
10001101
11011011
00110011
10011011
01010011
00111100
11000000
00111111
11010100
11000100
00110011
11100110
00001100
00100101
11101101
00000011
00000000
00000000
11101101
11111101
00001100
11011011
00110011
00011010
11010100
00111100
11000001
11000000
01010011
11000100
00110011
01100101
10001101
00100101
11101101
10000100
01111111
00000000
11101101
01111100
10001101
11011011
00110011
10011011
01010011
00111100
11000000
00111111
11010100
11000100
00110011
11100110
00001100
00100101
11101101
00000011
00000000
00000000
11101101
11111101
00001100
11011011
00110011
00011010
11010100
00111100
11000001
11000000
01010011
11000100
00110011
01100101
10001101
00100101
11101101
10000100
01111111
00000000
11101101
01111100
10001101
11011011
00110011
10011011
01010011
00111100
11000000
00111111
11010100
11000100
00110011
11100110
00001100
00100101
11101101
00000011
00000000
00000000
11101101
11111101
00001100
11011011
00110011
00011010
11010100
00111100
11000001
11000000
01010011
11000100
00110011
01100101
10001101
00100101
11101101
10000100
01111111
00000000
11101101
01111100
10001101
11011011
00110011
10011011
01010011
00111100
11000000
00111111
11010100
11000100
00110011
11100110
00001100
00100101
11101101
00000011
00000000
00000000
11101101
11111101
00001100
11011011
00110011
00011010
11010100
00111100
11000001
11000000
01010011
11000100
00110011
01100101
10001101
00100101
11101101
10000100
01111111
00000000
11101101
01111100
10001101
11011011
00110011
10011011
01010011
00111100
11000000
00111111
11010100
11000100
00110011
11100110
00001100
00100101
11101101
00000011
00000000
00000000
11101101
11111101
00001100
11011011
00110011
00011010
11010100
00111100
11000001
11000000
01010011
11000100
00110011
01100101
10001101
00100101
11101101
10000100
01111111
00000000
11101101
01111100
10001101
11011011
00110011
10011011
01010011
00111100
11000000
00111111
11010100
11000100
00110011
11100110
00001100
00100101
11101101
00000011
00000000
00000000
11101101
11111101
00001100
11011011
00110011
00011010
11010100
00111100
11000001
11000000
01010011
11000100
00110011
01100101
10001101
00100101
11101101
10000100
01111111
00000000
11101101
01111100
10001101
11011011
00110011
10011011
01010011
00111100
11000000
00111111
11010100
11000100
00110011
11100110
00001100
00100101
11101101
00000011
00000000
00000000
11101101
11111101
00001100
11011011
00110011
00011010
11010100
00111100
11000001
11000000
01010011
11000100
00110011
01100101
10001101
00100101
11101101
10000100
01111111
00000000
11101101
01111100
10001101
11011011
00110011
10011011
01010011
00111100
11000000
00111111
11010100
11000100
00110011
11100110
00001100
00100101
11101101
00000011
00000000
00000000
11101101
11111101
00001100
11011011
00110011
00011010
11010100
00111100
11000001
11000000
01010011
11000100
00110011
01100101
10001101
00100101
11101101
10000100
01111111
00000000
11101101
01111100
10001101
11011011
00110011
10011011
01010011
00111100
11000000
00111111
11010100
11000100
00110011
11100110
00001100
00100101
11101101
00000011
00000000
00000000
11101101
11111101
00001100
11011011
00110011
00011010
11010100
00111100
11000001
11000000
