01111111
00000000
00001110
01011001
00000000
00000000
00101001
01010000
10011001
01001011
11000001
11000000
00000000
00000000
10110000
11010111
00100111
10000111
01011001
00001110
00000000
00000000
01011001
11110010
00100111
01111001
10110000
00101001
00000000
00000000
11000000
00111111
10011001
10110101
00101001
10110000
00000000
00000000
00001110
10100111
01111111
00000000
00001110
01011001
00000000
00000000
00101001
01010000
10011001
01001011
11000001
11000000
00000000
00000000
10110000
11010111
00100111
10000111
01011001
00001110
00000000
00000000
01011001
11110010
00100111
01111001
10110000
00101001
00000000
00000000
11000000
00111111
10011001
10110101
00101001
10110000
00000000
00000000
00001110
10100111
01111111
00000000
00001110
01011001
00000000
00000000
00101001
01010000
10011001
01001011
11000001
11000000
00000000
00000000
10110000
11010111
00100111
10000111
01011001
00001110
00000000
00000000
01011001
11110010
00100111
01111001
10110000
00101001
00000000
00000000
11000000
00111111
10011001
10110101
00101001
10110000
00000000
00000000
00001110
10100111
01111111
00000000
00001110
01011001
00000000
00000000
00101001
01010000
10011001
01001011
11000001
11000000
00000000
00000000
10110000
11010111
00100111
10000111
01011001
00001110
00000000
00000000
01011001
11110010
00100111
01111001
10110000
00101001
00000000
00000000
11000000
00111111
10011001
10110101
00101001
10110000
00000000
00000000
00001110
10100111
01111111
00000000
00001110
01011001
00000000
00000000
00101001
01010000
10011001
01001011
11000001
11000000
00000000
00000000
10110000
11010111
00100111
10000111
01011001
00001110
00000000
00000000
01011001
11110010
00100111
01111001
10110000
00101001
00000000
00000000
11000000
00111111
10011001
10110101
00101001
10110000
00000000
00000000
00001110
10100111
01111111
00000000
00001110
01011001
00000000
00000000
00101001
01010000
10011001
01001011
11000001
11000000
00000000
00000000
10110000
11010111
00100111
10000111
01011001
00001110
00000000
00000000
01011001
11110010
00100111
01111001
10110000
00101001
00000000
00000000
11000000
00111111
10011001
10110101
00101001
10110000
00000000
00000000
00001110
10100111
01111111
00000000
00001110
01011001
00000000
00000000
00101001
01010000
10011001
01001011
11000001
11000000
00000000
00000000
10110000
11010111
00100111
10000111
01011001
00001110
00000000
00000000
01011001
11110010
00100111
01111001
10110000
00101001
00000000
00000000
11000000
00111111
10011001
10110101
00101001
10110000
00000000
00000000
00001110
10100111
01111111
00000000
00001110
01011001
00000000
00000000
00101001
01010000
10011001
01001011
11000001
11000000
00000000
00000000
10110000
11010111
00100111
10000111
01011001
00001110
00000000
00000000
01011001
11110010
00100111
01111001
10110000
00101001
00000000
00000000
11000000
00111111
10011001
10110101
00101001
10110000
00000000
00000000
00001110
10100111
01111111
00000000
00001110
01011001
00000000
00000000
00101001
01010000
10011001
01001011
11000001
11000000
00000000
00000000
10110000
11010111
00100111
10000111
01011001
00001110
00000000
00000000
01011001
11110010
00100111
01111001
10110000
00101001
00000000
00000000
11000000
00111111
10011001
10110101
00101001
10110000
00000000
00000000
00001110
10100111
01111111
00000000
00001110
01011001
00000000
00000000
00101001
01010000
10011001
01001011
11000001
11000000
00000000
00000000
10110000
11010111
00100111
10000111
01011001
00001110
00000000
00000000
01011001
11110010
00100111
01111001
10110000
00101001
00000000
00000000
11000000
00111111
10011001
10110101
00101001
10110000
00000000
00000000
00001110
10100111
01111111
00000000
00001110
01011001
00000000
00000000
00101001
01010000
10011001
01001011
11000001
11000000
00000000
00000000
10110000
11010111
00100111
10000111
01011001
00001110
00000000
00000000
01011001
11110010
00100111
01111001
10110000
00101001
00000000
00000000
11000000
00111111
10011001
10110101
00101001
10110000
00000000
00000000
00001110
10100111
01111111
00000000
00001110
01011001
00000000
00000000
00101001
01010000
10011001
01001011
11000001
11000000
00000000
00000000
10110000
11010111
00100111
10000111
01011001
00001110
00000000
00000000
01011001
11110010
00100111
01111001
10110000
00101001
00000000
00000000
11000000
00111111
10011001
10110101
00101001
10110000
00000000
00000000
00001110
10100111
01111111
00000000
00001110
01011001
00000000
00000000
00101001
01010000
10011001
01001011
11000001
11000000
00000000
00000000
10110000
11010111
00100111
10000111
01011001
00001110
00000000
00000000
01011001
11110010
00100111
01111001
10110000
00101001
00000000
00000000
11000000
00111111
