   0)   0.30   0.00
   0)   0.51   0.01
   1)   0.51   0.01
   1)   0.52   0.02
   2)   0.53   0.03
   2)   0.54   0.03
   3)   0.55   0.04
   3)   0.56   0.05
   4)   0.57   0.06
   4)   0.59   0.07
   5)   0.60   0.07
   5)   0.61   0.08
   6)   0.62   0.09
   6)   0.64   0.10
   7)   0.65   0.11
   7)   0.67   0.12
   8)   0.68   0.14
   8)   0.70   0.15
   9)   0.72   0.16
   9)   0.74   0.18
  10)   0.76   0.19
  10)   0.78   0.21
  11)   0.80   0.22
  11)   0.83   0.24
  12)   0.85   0.26
  12)   0.88   0.28
  13)   0.91   0.30
  13)   0.94   0.32
  14)   0.98   0.35
  14)   1.02   0.38
  15)   1.06   0.41
  15)   1.11   0.44
  16)   1.16   0.48
  16)   1.21   0.52
  17)   1.27   0.56
  17)   1.34   0.62
  18)   1.42   0.67
  18)   1.51   0.74
  19)   1.62   0.81
  19)   1.74   0.90
  20)   1.88   1.00
  20)   2.05   1.13
  21)   2.26   1.28
  21)   2.51   1.46
  22)   2.84   1.70
  22)   3.27   2.02
  23)   3.87   2.45
  23)   4.75   3.09
  24)   6.19   4.13
  24)   8.92   6.12
  25)  16.22  11.42
  25)  96.45  69.72
  26) -23.90 -17.72
  26) -10.52  -8.01
  27)  -6.70  -5.23
  27)  -4.89  -3.92
  28)  -3.84  -3.15
  28)  -3.14  -2.64
  29)  -2.65  -2.29
  29)  -2.29  -2.02
  30)  -2.01  -1.82
  30)  -1.78  -1.66
  31)  -1.60  -1.52
  31)  -1.45  -1.41
  32)  -1.32  -1.32
  32)  -1.21  -1.24
  33)  -1.12  -1.17
  33)  -1.03  -1.11
  34)  -0.96  -1.06
  34)  -0.89  -1.01
  35)  -0.83  -0.97
  35)  -0.78  -0.93
  36)  -0.73  -0.89
  36)  -0.69  -0.86
  37)  -0.65  -0.83
  37)  -0.61  -0.81
  38)  -0.58  -0.78
  38)  -0.55  -0.76
  39)  -0.52  -0.74
  39)  -0.49  -0.72
  40)  -0.47  -0.70
  40)  -0.45  -0.68
  41)  -0.42  -0.67
  41)  -0.40  -0.65
  42)  -0.38  -0.64
  42)  -0.37  -0.63
  43)  -0.35  -0.61
  43)  -0.33  -0.60
  44)  -0.32  -0.59
  44)  -0.30  -0.58
  45)  -0.29  -0.57
  45)  -0.27  -0.56
  46)  -0.26  -0.55
  46)  -0.25  -0.54
  47)  -0.24  -0.53
  47)  -0.23  -0.53
  48)  -0.21  -0.52
  48)  -0.20  -0.51
  49)  -0.19  -0.50
  49)  -0.18  -0.50
  50)  -0.18  -0.49
  50)  -0.17  -0.49
  51)  -0.17  -0.50
  51)  -0.14  -0.45
  52)  -0.14  -0.46
  52)  -0.13  -0.45
  53)  -0.12  -0.45
  53)  -0.12  -0.44
  54)  -0.11  -0.44
  54)  -0.10  -0.43
  55)  -0.10  -0.43
  55)  -0.09  -0.42
  56)  -0.08  -0.42
  56)  -0.08  -0.42
  57)  -0.07  -0.41
  57)  -0.07  -0.41
  58)  -0.06  -0.40
  58)  -0.05  -0.40
  59)  -0.05  -0.40
  59)  -0.04  -0.39
  60)  -0.04  -0.39
  60)  -0.03  -0.38
  61)  -0.03  -0.38
  61)  -0.02  -0.38
  62)  -0.02  -0.37
  62)  -0.01  -0.37
  63)  -0.01  -0.37
  63)  -0.00  -0.36
  64)   0.00  -0.36
  64)   0.00  -0.36
  65)   0.01  -0.35
  65)   0.01  -0.35
  66)   0.02  -0.35
  66)   0.02  -0.34
  67)   0.03  -0.34
  67)   0.03  -0.34
  68)   0.03  -0.33
  68)   0.04  -0.33
  69)   0.04  -0.33
  69)   0.04  -0.33
  70)   0.05  -0.32
  70)   0.05  -0.32
  71)   0.06  -0.32
  71)   0.06  -0.31
  72)   0.06  -0.31
  72)   0.07  -0.31
  73)   0.07  -0.31
  73)   0.07  -0.30
  74)   0.07  -0.30
  74)   0.08  -0.29
  75)   0.08  -0.29
  75)   0.08  -0.28
  76)   0.08  -0.27
  76)   0.07  -0.23
  77)   0.13  -0.39
  77)   0.11  -0.32
  78)   0.11  -0.30
  78)   0.11  -0.30
  79)   0.11  -0.29
  79)   0.11  -0.29
  80)   0.12  -0.28
  80)   0.12  -0.28
  81)   0.12  -0.28
  81)   0.13  -0.28
  82)   0.13  -0.27
  82)   0.13  -0.27
  83)   0.13  -0.27
  83)   0.14  -0.27
  84)   0.14  -0.26
  84)   0.14  -0.26
  85)   0.15  -0.26
  85)   0.15  -0.26
  86)   0.15  -0.25
  86)   0.16  -0.25
  87)   0.16  -0.25
  87)   0.16  -0.25
  88)   0.16  -0.25
  88)   0.17  -0.24
  89)   0.17  -0.24
  89)   0.17  -0.24
  90)   0.18  -0.24
  90)   0.18  -0.23
  91)   0.18  -0.23
  91)   0.18  -0.23
  92)   0.19  -0.23
  92)   0.19  -0.23
  93)   0.19  -0.22
  93)   0.20  -0.22
  94)   0.20  -0.22
  94)   0.20  -0.22
  95)   0.20  -0.22
  95)   0.21  -0.21
  96)   0.21  -0.21
  96)   0.21  -0.21
  97)   0.22  -0.21
  97)   0.22  -0.20
  98)   0.22  -0.20
  98)   0.23  -0.20
  99)   0.23  -0.20
  99)   0.23  -0.20
 100)   0.24  -0.19
 100)   0.24  -0.19
 101)   0.25  -0.19
 101)   0.25  -0.19
 102)   0.27  -0.20
 102)   0.16  -0.12
 103)   0.24  -0.17
 103)   0.25  -0.17
 104)   0.25  -0.17
 104)   0.26  -0.17
 105)   0.26  -0.17
 105)   0.27  -0.16
 106)   0.27  -0.16
 106)   0.27  -0.16
 107)   0.28  -0.16
 107)   0.28  -0.15
 108)   0.29  -0.15
 108)   0.29  -0.15
 109)   0.29  -0.15
 109)   0.30  -0.14
 110)   0.30  -0.14
 110)   0.30  -0.14
 111)   0.31  -0.14
 111)   0.31  -0.13
 112)   0.32  -0.13
 112)   0.32  -0.13
 113)   0.32  -0.13
 113)   0.33  -0.12
 114)   0.33  -0.12
 114)   0.34  -0.12
 115)   0.34  -0.11
 115)   0.35  -0.11
 116)   0.35  -0.11
 116)   0.35  -0.10
 117)   0.36  -0.10
 117)   0.36  -0.10
 118)   0.37  -0.09
 118)   0.37  -0.09
 119)   0.38  -0.09
 119)   0.38  -0.08
 120)   0.39  -0.08
 120)   0.40  -0.07
 121)   0.40  -0.07
 121)   0.41  -0.07
 122)   0.41  -0.06
 122)   0.42  -0.06
 123)   0.42  -0.05
 123)   0.43  -0.05
 124)   0.44  -0.04
 124)   0.44  -0.04
 125)   0.45  -0.03
 125)   0.46  -0.03
 126)   0.47  -0.02
 126)   0.47  -0.02
 127)   0.48  -0.01
 127)   0.49  -0.01
