         -5           1
         -5           2
         -4           3
         -3           4
         -4           5
         -3           6
         -3           7
         -2           8
         -2           9
         -2          10
         -4          11
         -3          12
         -3          13
         -2          14
         -3          15
         -1          16
         -1          17
         -1          18
         -2          19
         -1          20
         -2          21
         -2          22
         -2          23
         -1          24
         -2          25
         -1          26
         -2          27
         -2          28
         -1          29
         -2          30
         -2          31
         -1          32
          0          33
         -1          34
          0          35
         -1          36
          0          37
         -1          38
         -1          39
         -2          40
         -1          41
         -1          42
         -2          43
         -1          44
         -1          45
         -1          46
         -1          47
         -1          48
         -1          49
         -1          50
         -1          51
         -1          52
          0          53
         -1          54
         -1          55
         -1          56
         -1          57
         -1          58
          0          59
         -1          60
         -1          61
         -1          62
         -1          63
         -1          64
          0          65
          0          66
          1          67
         -1          68
          1          69
         -1          70
          0          71
         -2          72
          2          73
          0          74
          1          75
         -1          76
          1          77
         -1          78
          1          79
          0          80
          2          81
          0          82
          1          83
          0          84
          1          85
          0          86
          1          87
          0          88
          2          89
          0          90
          3          91
          0          92
          3          93
          0          94
          3          95
          2          96
          5          97
          2          98
          9          99
          5         100
         15         101
         10         102
         95         103
         67         104
        -23         105
        -18         106
        -11         107
         -8         108
         -7         109
         -6         110
         -5         111
         -4         112
         -4         113
         -4         114
         -4         115
         -3         116
         -3         117
         -3         118
         -2         119
         -3         120
         -2         121
         -3         122
         -2         123
         -2         124
         -2         125
         -3         126
         -2         127
         -3         128
         -1         129
         -1         130
          0         131
         -1         132
          0         133
         -1         134
         -1         135
         -2         136
          0         137
         -2         138
          0         139
         -1         140
         -1         141
         -2         142
         -1         143
         -1         144
         -1         145
         -1         146
          0         147
         -1         148
          0         149
          0         150
          0         151
         -1         152
          0         153
         -1         154
          0         155
          0         156
          1         157
          0         158
          0         159
         -1         160
          0         161
         -1         162
          0         163
         -1         164
          0         165
         -1         166
          1         167
         -2         168
          1         169
         -1         170
          0         171
         -1         172
          1         173
         -1         174
         -1         175
         -1         176
          1         177
         -1         178
          1         179
         -1         180
          0         181
         -1         182
          1         183
         -1         184
          1         185
         -1         186
          0         187
         -1         188
          1         189
         -1         190
          1         191
         -1         192
          0         193
          0         194
          1         195
          1         196
          1         197
          1         198
          0         199
          0         200
          0         201
          0         202
          1         203
         -1         204
          1         205
         -1         206
          1         207
          0         208
          0         209
          0         210
          1         211
          0         212
          1         213
          0         214
          1         215
          0         216
          0         217
          0         218
          1         219
          0         220
          1         221
          0         222
          1         223
          0         224
          1         225
          0         226
          1         227
          1         228
          1         229
          0         230
          1         231
          1         232
          1         233
          0         234
          1         235
          0         236
          1         237
          0         238
          1         239
          0         240
          0         241
          0         242
          2         243
          1         244
          1         245
          1         246
          2         247
          1         248
          2         249
          1         250
          2         251
          0         252
          2         253
          1         254
          2         255
          1         256
         -5         257
         -4         258
         -5         259
         -3         260
         -3         261
         -2         262
         -3         263
         -2         264
         -3         265
         -1         266
         -3         267
         -1         268
         -3         269
         -1         270
         -3         271
         -1         272
         -1         273
         -1         274
         -3         275
         -1         276
         -2         277
         -1         278
         -2         279
         -1         280
         -2         281
         -1         282
         -2         283
         -1         284
         -2         285
         -1         286
         -2         287
         -1         288
         -1         289
         -1         290
         -2         291
         -1         292
         -1         293
         -1         294
         -1         295
          0         296
         -1         297
          0         298
         -1         299
          0         300
         -1         301
         -1         302
         -1         303
          0         304
         -1         305
          0         306
         -1         307
          0         308
         -1         309
          0         310
         -2         311
          0         312
         -1         313
          0         314
         -1         315
         -1         316
         -1         317
          0         318
         -1         319
          0         320
          0         321
          0         322
         -1         323
          1         324
          0         325
          0         326
         -1         327
          0         328
         -1         329
          1         330
          0         331
          1         332
         -1         333
          1         334
          0         335
          1         336
         -1         337
          2         338
         -1         339
          1         340
         -1         341
          1         342
         -1         343
          1         344
         -2         345
          2         346
         -2         347
          2         348
         -1         349
          4         350
         -3         351
          4         352
         -2         353
          6         354
         -3         355
          9         356
         -6         357
         17         358
        -36         359
        111         360
          9         361
        -27         362
          3         363
        -13         364
          2         365
         -8         366
          2         367
         -7         368
          1         369
         -5         370
          1         371
         -4         372
          1         373
         -4         374
          1         375
         -3         376
          0         377
         -3         378
          1         379
         -3         380
          1         381
         -2         382
          1         383
         -2         384
          1         385
         -2         386
          1         387
         -1         388
          1         389
         -2         390
          1         391
         -2         392
          1         393
         -1         394
          1         395
         -1         396
          1         397
         -1         398
          1         399
         -1         400
          1         401
         -1         402
          1         403
         -1         404
          2         405
         -1         406
          2         407
         -1         408
          0         409
         -1         410
          2         411
         -1         412
          2         413
         -1         414
          0         415
         -1         416
          1         417
         -1         418
          2         419
         -1         420
          1         421
         -1         422
          1         423
          0         424
          1         425
          0         426
          1         427
          0         428
          1         429
         -1         430
          1         431
          0         432
          1         433
          0         434
          1         435
          0         436
          1         437
          0         438
          2         439
          0         440
          1         441
          0         442
          1         443
         -1         444
          1         445
          0         446
          1         447
          0         448
          0         449
          0         450
          1         451
         -1         452
          0         453
          0         454
          1         455
          0         456
          1         457
          1         458
          2         459
          1         460
          1         461
          1         462
          0         463
          1         464
          1         465
          0         466
          1         467
          1         468
          1         469
          1         470
          1         471
          1         472
          2         473
          0         474
          2         475
          0         476
          1         477
          0         478
          1         479
          0         480
          0         481
          0         482
          1         483
          1         484
          0         485
          1         486
          2         487
          1         488
          1         489
          1         490
          1         491
          1         492
          2         493
          0         494
          2         495
          1         496
          1         497
          1         498
          1         499
          2         500
          1         501
          2         502
          1         503
          1         504
          2         505
          1         506
          1         507
          1         508
          1         509
          2         510
          1         511
          2         512
