        -1364         0
          0           1
      -1313           2
          0           3
      -1367           4
        -94           5
      -1566           6
       -213           7
      -2088           8
       -425           9
      -4068          10
      -1103          11
      14186          12
       4799          13
       2070          14
        837          15
        991          16
        464          17
        601          18
        316          19
        405          20
        232          21
        290          22
        176          23
        218          24
        135          25
        171          26
        101          27
        140          28
         71          29
        120          30
         46          31
        108          32
         23          33
        105          34
          0          35
        109          36
        -24          37
        120          38
        -47          39
        140          40
        -73          41
        172          42
       -101          43
        220          44
       -135          45
        292          46
       -177          47
        405          48
       -232          49
        601          50
       -316          51
        993          52
       -464          53
       2072          54
       -838          55
      14188          56
      -4801          57
      -4067          58
       1103          59
      -2086          60
        425          61
      -1564          62
        212          63
      -1364          64
        355          65
      -1313          66
          0          67
      -1367          68
        -94          69
      -1566          70
       -213          71
      -2088          72
       -425          73
      -4068          74
      -1103          75
      14186          76
       4799          77
       2070          78
        837          79
        991          80
        464          81
        601          82
        316          83
        405          84
        232          85
        290          86
        176          87
        218          88
        135          89
        171          90
        101          91
        140          92
         71          93
        120          94
         46          95
        108          96
         23          97
        105          98
          0          99
        109         100
        -24         101
        120         102
        -47         103
        140         104
        -73         105
        172         106
       -101         107
        220         108
       -135         109
        292         110
       -177         111
        405         112
       -232         113
        601         114
       -316         115
        993         116
       -464         117
       2072         118
       -838         119
      14188         120
      -4801         121
      -4067         122
       1103         123
      -2086         124
        425         125
      -1564         126
        212         127
      -1364         128
        355         129
      -1313         130
          0         131
      -1367         132
        -94         133
      -1566         134
       -213         135
      -2088         136
       -425         137
      -4068         138
      -1103         139
      14186         140
       4799         141
       2070         142
        837         143
        991         144
        464         145
        601         146
        316         147
        405         148
        232         149
        290         150
        176         151
        218         152
        135         153
        171         154
        101         155
        140         156
         71         157
        120         158
         46         159
        108         160
         23         161
        105         162
          0         163
        109         164
        -24         165
        120         166
        -47         167
        140         168
        -73         169
        172         170
       -101         171
        220         172
       -135         173
        292         174
       -177         175
        405         176
       -232         177
        601         178
       -316         179
        993         180
       -464         181
       2072         182
       -838         183
      14188         184
      -4801         185
      -4067         186
       1103         187
      -2086         188
        425         189
      -1564         190
        212         191
      -1364         192
        355         193
      -1313         194
          0         195
      -1367         196
        -94         197
      -1566         198
       -213         199
      -2088         200
       -425         201
      -4068         202
      -1103         203
      14186         204
       4799         205
       2070         206
        837         207
        991         208
        464         209
        601         210
        316         211
        405         212
        232         213
        290         214
        176         215
        218         216
        135         217
        171         218
        101         219
        140         220
         71         221
        120         222
         46         223
        108         224
         23         225
        105         226
          0         227
        109         228
        -24         229
        120         230
        -47         231
        140         232
        -73         233
        172         234
       -101         235
        220         236
       -135         237
        292         238
       -177         239
        405         240
       -232         241
        601         242
       -316         243
        993         244
       -464         245
       2072         246
       -838         247
      14188         248
      -4801         249
      -4067         250
       1103         251
      -2086         252
        425         253
      -1564         254
        212         255
      -1364         256
        355         257
      -1313         258
          0         259
      -1367         260
        -94         261
      -1566         262
       -213         263
      -2088         264
       -425         265
      -4068         266
      -1103         267
      14186         268
       4799         269
       2070         270
        837         271
        991         272
        464         273
        601         274
        316         275
        405         276
        232         277
        290         278
        176         279
        218         280
        135         281
        171         282
        101         283
        140         284
         71         285
        120         286
         46         287
        108         288
         23         289
        105         290
          0         291
        109         292
        -24         293
        120         294
        -47         295
        140         296
        -73         297
        172         298
       -101         299
        220         300
       -135         301
        292         302
       -177         303
        405         304
       -232         305
        601         306
       -316         307
        993         308
       -464         309
       2072         310
       -838         311
      14188         312
      -4801         313
      -4067         314
       1103         315
      -2086         316
        425         317
      -1564         318
        212         319
      -1364         320
        355         321
      -1313         322
          0         323
      -1367         324
        -94         325
      -1566         326
       -213         327
      -2088         328
       -425         329
      -4068         330
      -1103         331
      14186         332
       4799         333
       2070         334
        837         335
        991         336
        464         337
        601         338
        316         339
        405         340
        232         341
        290         342
        176         343
        218         344
        135         345
        171         346
        101         347
        140         348
         71         349
        120         350
         46         351
        108         352
         23         353
        105         354
          0         355
        109         356
        -24         357
        120         358
        -47         359
        140         360
        -73         361
        172         362
       -101         363
        220         364
       -135         365
        292         366
       -177         367
        405         368
       -232         369
        601         370
       -316         371
        993         372
       -464         373
       2072         374
       -838         375
      14188         376
      -4801         377
      -4067         378
       1103         379
      -2086         380
        425         381
      -1564         382
        212         383
      -1364         384
        355         385
      -1313         386
          0         387
      -1367         388
        -94         389
      -1566         390
       -213         391
      -2088         392
       -425         393
      -4068         394
      -1103         395
      14186         396
       4799         397
       2070         398
        837         399
        991         400
        464         401
        601         402
        316         403
        405         404
        232         405
        290         406
        176         407
        218         408
        135         409
        171         410
        101         411
        140         412
         71         413
        120         414
         46         415
        108         416
         23         417
        105         418
          0         419
        109         420
        -24         421
        120         422
        -47         423
        140         424
        -73         425
        172         426
       -101         427
        220         428
       -135         429
        292         430
       -177         431
        405         432
       -232         433
        601         434
       -316         435
        993         436
       -464         437
       2072         438
       -838         439
      14188         440
      -4801         441
      -4067         442
       1103         443
      -2086         444
        425         445
      -1564         446
        212         447
      -1364         448
        355         449
      -1313         450
          0         451
      -1367         452
        -94         453
      -1566         454
       -213         455
      -2088         456
       -425         457
      -4068         458
      -1103         459
      14186         460
       4799         461
       2070         462
        837         463
        991         464
        464         465
        601         466
        316         467
        405         468
        232         469
        290         470
        176         471
        218         472
        135         473
        171         474
        101         475
        140         476
         71         477
        120         478
         46         479
        108         480
         23         481
        105         482
          0         483
        109         484
        -24         485
        120         486
        -47         487
        140         488
        -73         489
        172         490
       -101         491
        220         492
       -135         493
        292         494
       -177         495
        405         496
       -232         497
        601         498
       -316         499
        993         500
       -464         501
       2072         502
       -838         503
      14188         504
      -4801         505
      -4067         506
       1103         507
      -2086         508
        425         509
      -1564         510
        212         511
      -1364         512
        355         513
      -1313         514
          0         515
      -1367         516
        -94         517
      -1566         518
       -213         519
      -2088         520
       -425         521
      -4068         522
      -1103         523
      14186         524
       4799         525
       2070         526
        837         527
        991         528
        464         529
        601         530
        316         531
        405         532
        232         533
        290         534
        176         535
        218         536
        135         537
        171         538
        101         539
        140         540
         71         541
        120         542
         46         543
        108         544
         23         545
        105         546
          0         547
        109         548
        -24         549
        120         550
        -47         551
        140         552
        -73         553
        172         554
       -101         555
        220         556
       -135         557
        292         558
       -177         559
        405         560
       -232         561
        601         562
       -316         563
        993         564
       -464         565
       2072         566
       -838         567
      14188         568
      -4801         569
      -4067         570
       1103         571
      -2086         572
        425         573
      -1564         574
        212         575
      -1364         576
        355         577
      -1313         578
          0         579
      -1367         580
        -94         581
      -1566         582
       -213         583
      -2088         584
       -425         585
      -4068         586
      -1103         587
      14186         588
       4799         589
       2070         590
        837         591
        991         592
        464         593
        601         594
        316         595
        405         596
        232         597
        290         598
        176         599
        218         600
        135         601
        171         602
        101         603
        140         604
         71         605
        120         606
         46         607
        108         608
         23         609
        105         610
          0         611
        109         612
        -24         613
        120         614
        -47         615
        140         616
        -73         617
        172         618
       -101         619
        220         620
       -135         621
        292         622
       -177         623
        405         624
       -232         625
        601         626
       -316         627
        993         628
       -464         629
       2072         630
       -838         631
      14188         632
      -4801         633
      -4067         634
       1103         635
      -2086         636
        425         637
      -1564         638
        212         639
      -1364         640
        355         641
      -1313         642
          0         643
      -1367         644
        -94         645
      -1566         646
       -213         647
      -2088         648
       -425         649
      -4068         650
      -1103         651
      14186         652
       4799         653
       2070         654
        837         655
        991         656
        464         657
        601         658
        316         659
        405         660
        232         661
        290         662
        176         663
        218         664
        135         665
        171         666
        101         667
        140         668
         71         669
        120         670
         46         671
        108         672
         23         673
        105         674
          0         675
        109         676
        -24         677
        120         678
        -47         679
        140         680
        -73         681
        172         682
       -101         683
        220         684
       -135         685
        292         686
       -177         687
        405         688
       -232         689
        601         690
       -316         691
        993         692
       -464         693
       2072         694
       -838         695
      14188         696
      -4801         697
      -4067         698
       1103         699
      -2086         700
        425         701
      -1564         702
        212         703
      -1364         704
        355         705
      -1313         706
          0         707
      -1367         708
        -94         709
      -1566         710
       -213         711
      -2088         712
       -425         713
      -4068         714
      -1103         715
      14186         716
       4799         717
       2070         718
        837         719
        991         720
        464         721
        601         722
        316         723
        405         724
        232         725
        290         726
        176         727
        218         728
        135         729
        171         730
        101         731
        140         732
         71         733
        120         734
         46         735
        108         736
         23         737
        105         738
          0         739
        109         740
        -24         741
        120         742
        -47         743
        140         744
        -73         745
        172         746
       -101         747
        220         748
       -135         749
        292         750
       -177         751
        405         752
       -232         753
        601         754
       -316         755
        993         756
       -464         757
       2072         758
       -838         759
      14188         760
      -4801         761
      -4067         762
       1103         763
      -2086         764
        425         765
      -1564         766
        212         767
      -1364         768
        355         769
      -1313         770
          0         771
      -1367         772
        -94         773
      -1566         774
       -213         775
      -2088         776
       -425         777
      -4068         778
      -1103         779
      14186         780
       4799         781
       2070         782
        837         783
        991         784
        464         785
        601         786
        316         787
        405         788
        232         789
        290         790
        176         791
        218         792
        135         793
        171         794
        101         795
        140         796
         71         797
        120         798
         46         799
        108         800
         23         801
        105         802
          0         803
        109         804
        -24         805
        120         806
        -47         807
        140         808
        -73         809
        172         810
       -101         811
        220         812
       -135         813
        292         814
       -177         815
        405         816
       -232         817
        601         818
       -316         819
        993         820
       -464         821
       2072         822
       -838         823
      14188         824
      -4801         825
      -4067         826
       1103         827
      -2086         828
        425         829
      -1564         830
        212         831
      -1364         832
        355         833
      -1313         834
          0         835
      -1367         836
        -94         837
      -1566         838
       -213         839
      -2088         840
       -425         841
      -4068         842
      -1103         843
      14186         844
       4799         845
       2070         846
        837         847
        991         848
        464         849
        601         850
        316         851
        405         852
        232         853
        290         854
        176         855
        218         856
        135         857
        171         858
        101         859
        140         860
         71         861
        120         862
         46         863
        108         864
         23         865
        105         866
          0         867
        109         868
        -24         869
        120         870
        -47         871
        140         872
        -73         873
        172         874
       -101         875
        220         876
       -135         877
        292         878
       -177         879
        405         880
       -232         881
        601         882
       -316         883
        993         884
       -464         885
       2072         886
       -838         887
      14188         888
      -4801         889
      -4067         890
       1103         891
      -2086         892
        425         893
      -1564         894
        212         895
      -1364         896
        355         897
      -1313         898
          0         899
      -1367         900
        -94         901
      -1566         902
       -213         903
      -2088         904
       -425         905
      -4068         906
      -1103         907
      14186         908
       4799         909
       2070         910
        837         911
        991         912
        464         913
        601         914
        316         915
        405         916
        232         917
        290         918
        176         919
        218         920
        135         921
        171         922
        101         923
        140         924
         71         925
        120         926
         46         927
        108         928
         23         929
        105         930
          0         931
        109         932
        -24         933
        120         934
        -47         935
        140         936
        -73         937
        172         938
       -101         939
        220         940
       -135         941
        292         942
       -177         943
        405         944
       -232         945
        601         946
       -316         947
        993         948
       -464         949
       2072         950
       -838         951
      14188         952
      -4801         953
      -4067         954
       1103         955
      -2086         956
        425         957
      -1564         958
        212         959
      -1364         960
        355         961
      -1313         962
          0         963
      -1367         964
        -94         965
      -1566         966
       -213         967
      -2088         968
       -425         969
      -4068         970
      -1103         971
      14186         972
       4799         973
       2070         974
        837         975
        991         976
        464         977
        601         978
        316         979
        405         980
        232         981
        290         982
        176         983
        218         984
        135         985
        171         986
        101         987
        140         988
         71         989
        120         990
         46         991
        108         992
         23         993
        105         994
          0         995
        109         996
        -24         997
        120         998
        -47         999
        140        1000
        -73        1001
        172        1002
       -101        1003
        220        1004
       -135        1005
        292        1006
       -177        1007
        405        1008
       -232        1009
        601        1010
       -316        1011
        993        1012
       -464        1013
       2072        1014
       -838        1015
      14188        1016
      -4801        1017
      -4067        1018
       1103        1019
      -2086        1020
        425        1021
      -1564        1022
        212        1023
      -1364        1024
        355        1025
      -1313        1026
          0        1027
      -1367        1028
        -94        1029
      -1566        1030
       -213        1031
      -2088        1032
       -425        1033
      -4068        1034
      -1103        1035
      14186        1036
       4799        1037
       2070        1038
        837        1039
        991        1040
        464        1041
        601        1042
        316        1043
        405        1044
        232        1045
        290        1046
        176        1047
        218        1048
        135        1049
        171        1050
        101        1051
        140        1052
         71        1053
        120        1054
         46        1055
        108        1056
         23        1057
        105        1058
          0        1059
        109        1060
        -24        1061
        120        1062
        -47        1063
        140        1064
        -73        1065
        172        1066
       -101        1067
        220        1068
       -135        1069
        292        1070
       -177        1071
        405        1072
       -232        1073
        601        1074
       -316        1075
        993        1076
       -464        1077
       2072        1078
       -838        1079
      14188        1080
      -4801        1081
      -4067        1082
       1103        1083
      -2086        1084
        425        1085
      -1564        1086
        212        1087
      -1364        1088
        355        1089
      -1313        1090
          0        1091
      -1367        1092
        -94        1093
      -1566        1094
       -213        1095
      -2088        1096
       -425        1097
      -4068        1098
      -1103        1099
      14186        1100
       4799        1101
       2070        1102
        837        1103
        991        1104
        464        1105
        601        1106
        316        1107
        405        1108
        232        1109
        290        1110
        176        1111
        218        1112
        135        1113
        171        1114
        101        1115
        140        1116
         71        1117
        120        1118
         46        1119
        108        1120
         23        1121
        105        1122
          0        1123
        109        1124
        -24        1125
        120        1126
        -47        1127
        140        1128
        -73        1129
        172        1130
       -101        1131
        220        1132
       -135        1133
        292        1134
       -177        1135
        405        1136
       -232        1137
        601        1138
       -316        1139
        993        1140
       -464        1141
       2072        1142
       -838        1143
      14188        1144
      -4801        1145
      -4067        1146
       1103        1147
      -2086        1148
        425        1149
      -1564        1150
        212        1151
      -1364        1152
        355        1153
      -1313        1154
          0        1155
      -1367        1156
        -94        1157
      -1566        1158
       -213        1159
      -2088        1160
       -425        1161
      -4068        1162
      -1103        1163
      14186        1164
       4799        1165
       2070        1166
        837        1167
        991        1168
        464        1169
        601        1170
        316        1171
        405        1172
        232        1173
        290        1174
        176        1175
        218        1176
        135        1177
        171        1178
        101        1179
        140        1180
         71        1181
        120        1182
         46        1183
        108        1184
         23        1185
        105        1186
          0        1187
        109        1188
        -24        1189
        120        1190
        -47        1191
        140        1192
        -73        1193
        172        1194
       -101        1195
        220        1196
       -135        1197
        292        1198
       -177        1199
        405        1200
       -232        1201
        601        1202
       -316        1203
        993        1204
       -464        1205
       2072        1206
       -838        1207
      14188        1208
      -4801        1209
      -4067        1210
       1103        1211
      -2086        1212
        425        1213
      -1564        1214
        212        1215
      -1364        1216
        355        1217
      -1313        1218
          0        1219
      -1367        1220
        -94        1221
      -1566        1222
       -213        1223
      -2088        1224
       -425        1225
      -4068        1226
      -1103        1227
      14186        1228
       4799        1229
       2070        1230
        837        1231
        991        1232
        464        1233
        601        1234
        316        1235
        405        1236
        232        1237
        290        1238
        176        1239
        218        1240
        135        1241
        171        1242
        101        1243
        140        1244
         71        1245
        120        1246
         46        1247
        108        1248
         23        1249
        105        1250
          0        1251
        109        1252
        -24        1253
        120        1254
        -47        1255
        140        1256
        -73        1257
        172        1258
       -101        1259
        220        1260
       -135        1261
        292        1262
       -177        1263
        405        1264
       -232        1265
        601        1266
       -316        1267
        993        1268
       -464        1269
       2072        1270
       -838        1271
      14188        1272
      -4801        1273
      -4067        1274
       1103        1275
      -2086        1276
        425        1277
      -1564        1278
        212        1279
      -1364        1280
        355        1281
      -1313        1282
          0        1283
      -1367        1284
        -94        1285
      -1566        1286
       -213        1287
      -2088        1288
       -425        1289
      -4068        1290
      -1103        1291
      14186        1292
       4799        1293
       2070        1294
        837        1295
        991        1296
        464        1297
        601        1298
        316        1299
        405        1300
        232        1301
        290        1302
        176        1303
        218        1304
        135        1305
        171        1306
        101        1307
        140        1308
         71        1309
        120        1310
         46        1311
        108        1312
         23        1313
        105        1314
          0        1315
        109        1316
        -24        1317
        120        1318
        -47        1319
        140        1320
        -73        1321
        172        1322
       -101        1323
        220        1324
       -135        1325
        292        1326
       -177        1327
        405        1328
       -232        1329
        601        1330
       -316        1331
        993        1332
       -464        1333
       2072        1334
       -838        1335
      14188        1336
      -4801        1337
      -4067        1338
       1103        1339
      -2086        1340
        425        1341
      -1564        1342
        212        1343
      -1364        1344
        355        1345
      -1313        1346
          0        1347
      -1367        1348
        -94        1349
      -1566        1350
       -213        1351
      -2088        1352
       -425        1353
      -4068        1354
      -1103        1355
      14186        1356
       4799        1357
       2070        1358
        837        1359
        991        1360
        464        1361
        601        1362
        316        1363
        405        1364
        232        1365
        290        1366
        176        1367
        218        1368
        135        1369
        171        1370
        101        1371
        140        1372
         71        1373
        120        1374
         46        1375
        108        1376
         23        1377
        105        1378
          0        1379
        109        1380
        -24        1381
        120        1382
        -47        1383
        140        1384
        -73        1385
        172        1386
       -101        1387
        220        1388
       -135        1389
        292        1390
       -177        1391
        405        1392
       -232        1393
        601        1394
       -316        1395
        993        1396
       -464        1397
       2072        1398
       -838        1399
      14188        1400
      -4801        1401
      -4067        1402
       1103        1403
      -2086        1404
        425        1405
      -1564        1406
        212        1407
      -1364        1408
        355        1409
      -1313        1410
          0        1411
      -1367        1412
        -94        1413
      -1566        1414
       -213        1415
      -2088        1416
       -425        1417
      -4068        1418
      -1103        1419
      14186        1420
       4799        1421
       2070        1422
        837        1423
        991        1424
        464        1425
        601        1426
        316        1427
        405        1428
        232        1429
        290        1430
        176        1431
        218        1432
        135        1433
        171        1434
        101        1435
        140        1436
         71        1437
        120        1438
         46        1439
        108        1440
         23        1441
        105        1442
          0        1443
        109        1444
        -24        1445
        120        1446
        -47        1447
        140        1448
        -73        1449
        172        1450
       -101        1451
        220        1452
       -135        1453
        292        1454
       -177        1455
        405        1456
       -232        1457
        601        1458
       -316        1459
        993        1460
       -464        1461
       2072        1462
       -838        1463
      14188        1464
      -4801        1465
      -4067        1466
       1103        1467
      -2086        1468
        425        1469
      -1564        1470
        212        1471
      -1364        1472
        355        1473
      -1313        1474
          0        1475
      -1367        1476
        -94        1477
      -1566        1478
       -213        1479
      -2088        1480
       -425        1481
      -4068        1482
      -1103        1483
      14186        1484
       4799        1485
       2070        1486
        837        1487
        991        1488
        464        1489
        601        1490
        316        1491
        405        1492
        232        1493
        290        1494
        176        1495
        218        1496
        135        1497
        171        1498
        101        1499
        140        1500
         71        1501
        120        1502
         46        1503
        108        1504
         23        1505
        105        1506
          0        1507
        109        1508
        -24        1509
        120        1510
        -47        1511
        140        1512
        -73        1513
        172        1514
       -101        1515
        220        1516
       -135        1517
        292        1518
       -177        1519
        405        1520
       -232        1521
        601        1522
       -316        1523
        993        1524
       -464        1525
       2072        1526
       -838        1527
      14188        1528
      -4801        1529
      -4067        1530
       1103        1531
      -2086        1532
        425        1533
      -1564        1534
        212        1535
      -1364        1536
        355        1537
      -1313        1538
          0        1539
      -1367        1540
        -94        1541
      -1566        1542
       -213        1543
      -2088        1544
       -425        1545
      -4068        1546
      -1103        1547
      14186        1548
       4799        1549
       2070        1550
        837        1551
        991        1552
        464        1553
        601        1554
        316        1555
        405        1556
        232        1557
        290        1558
        176        1559
        218        1560
        135        1561
        171        1562
        101        1563
        140        1564
         71        1565
        120        1566
         46        1567
        108        1568
         23        1569
        105        1570
          0        1571
        109        1572
        -24        1573
        120        1574
        -47        1575
        140        1576
        -73        1577
        172        1578
       -101        1579
        220        1580
       -135        1581
        292        1582
       -177        1583
        405        1584
       -232        1585
        601        1586
       -316        1587
        993        1588
       -464        1589
       2072        1590
       -838        1591
      14188        1592
      -4801        1593
      -4067        1594
       1103        1595
      -2086        1596
        425        1597
      -1564        1598
        212        1599
      -1364        1600
        355        1601
      -1313        1602
          0        1603
      -1367        1604
        -94        1605
      -1566        1606
       -213        1607
      -2088        1608
       -425        1609
      -4068        1610
      -1103        1611
      14186        1612
       4799        1613
       2070        1614
        837        1615
        991        1616
        464        1617
        601        1618
        316        1619
        405        1620
        232        1621
        290        1622
        176        1623
        218        1624
        135        1625
        171        1626
        101        1627
        140        1628
         71        1629
        120        1630
         46        1631
        108        1632
         23        1633
        105        1634
          0        1635
        109        1636
        -24        1637
        120        1638
        -47        1639
        140        1640
        -73        1641
        172        1642
       -101        1643
        220        1644
       -135        1645
        292        1646
       -177        1647
        405        1648
       -232        1649
        601        1650
       -316        1651
        993        1652
       -464        1653
       2072        1654
       -838        1655
      14188        1656
      -4801        1657
      -4067        1658
       1103        1659
      -2086        1660
        425        1661
      -1564        1662
        212        1663
      -1364        1664
        355        1665
      -1313        1666
          0        1667
      -1367        1668
        -94        1669
      -1566        1670
       -213        1671
      -2088        1672
       -425        1673
      -4068        1674
      -1103        1675
      14186        1676
       4799        1677
       2070        1678
        837        1679
        991        1680
        464        1681
        601        1682
        316        1683
        405        1684
        232        1685
        290        1686
        176        1687
        218        1688
        135        1689
        171        1690
        101        1691
        140        1692
         71        1693
        120        1694
         46        1695
        108        1696
         23        1697
        105        1698
          0        1699
        109        1700
        -24        1701
        120        1702
        -47        1703
        140        1704
        -73        1705
        172        1706
       -101        1707
        220        1708
       -135        1709
        292        1710
       -177        1711
        405        1712
       -232        1713
        601        1714
       -316        1715
        993        1716
       -464        1717
       2072        1718
       -838        1719
      14188        1720
      -4801        1721
      -4067        1722
       1103        1723
      -2086        1724
        425        1725
      -1564        1726
        212        1727
      -1364        1728
        355        1729
      -1313        1730
          0        1731
      -1367        1732
        -94        1733
      -1566        1734
       -213        1735
      -2088        1736
       -425        1737
      -4068        1738
      -1103        1739
      14186        1740
       4799        1741
       2070        1742
        837        1743
        991        1744
        464        1745
        601        1746
        316        1747
        405        1748
        232        1749
        290        1750
        176        1751
        218        1752
        135        1753
        171        1754
        101        1755
        140        1756
         71        1757
        120        1758
         46        1759
        108        1760
         23        1761
        105        1762
          0        1763
        109        1764
        -24        1765
        120        1766
        -47        1767
        140        1768
        -73        1769
        172        1770
       -101        1771
        220        1772
       -135        1773
        292        1774
       -177        1775
        405        1776
       -232        1777
        601        1778
       -316        1779
        993        1780
       -464        1781
       2072        1782
       -838        1783
      14188        1784
      -4801        1785
      -4067        1786
       1103        1787
      -2086        1788
        425        1789
      -1564        1790
        212        1791
      -1364        1792
        355        1793
      -1313        1794
          0        1795
      -1367        1796
        -94        1797
      -1566        1798
       -213        1799
      -2088        1800
       -425        1801
      -4068        1802
      -1103        1803
      14186        1804
       4799        1805
       2070        1806
        837        1807
        991        1808
        464        1809
        601        1810
        316        1811
        405        1812
        232        1813
        290        1814
        176        1815
        218        1816
        135        1817
        171        1818
        101        1819
        140        1820
         71        1821
        120        1822
         46        1823
        108        1824
         23        1825
        105        1826
          0        1827
        109        1828
        -24        1829
        120        1830
        -47        1831
        140        1832
        -73        1833
        172        1834
       -101        1835
        220        1836
       -135        1837
        292        1838
       -177        1839
        405        1840
       -232        1841
        601        1842
       -316        1843
        993        1844
       -464        1845
       2072        1846
       -838        1847
      14188        1848
      -4801        1849
      -4067        1850
       1103        1851
      -2086        1852
        425        1853
      -1564        1854
        212        1855
      -1364        1856
        355        1857
      -1313        1858
          0        1859
      -1367        1860
        -94        1861
      -1566        1862
       -213        1863
      -2088        1864
       -425        1865
      -4068        1866
      -1103        1867
      14186        1868
       4799        1869
       2070        1870
        837        1871
        991        1872
        464        1873
        601        1874
        316        1875
        405        1876
        232        1877
        290        1878
        176        1879
        218        1880
        135        1881
        171        1882
        101        1883
        140        1884
         71        1885
        120        1886
         46        1887
        108        1888
         23        1889
        105        1890
          0        1891
        109        1892
        -24        1893
        120        1894
        -47        1895
        140        1896
        -73        1897
        172        1898
       -101        1899
        220        1900
       -135        1901
        292        1902
       -177        1903
        405        1904
       -232        1905
        601        1906
       -316        1907
        993        1908
       -464        1909
       2072        1910
       -838        1911
      14188        1912
      -4801        1913
      -4067        1914
       1103        1915
      -2086        1916
        425        1917
      -1564        1918
        212        1919
      -1364        1920
        355        1921
      -1313        1922
          0        1923
      -1367        1924
        -94        1925
      -1566        1926
       -213        1927
      -2088        1928
       -425        1929
      -4068        1930
      -1103        1931
      14186        1932
       4799        1933
       2070        1934
        837        1935
        991        1936
        464        1937
        601        1938
        316        1939
        405        1940
        232        1941
        290        1942
        176        1943
        218        1944
        135        1945
        171        1946
        101        1947
        140        1948
         71        1949
        120        1950
         46        1951
        108        1952
         23        1953
        105        1954
          0        1955
        109        1956
        -24        1957
        120        1958
        -47        1959
        140        1960
        -73        1961
        172        1962
       -101        1963
        220        1964
       -135        1965
        292        1966
       -177        1967
        405        1968
       -232        1969
        601        1970
       -316        1971
        993        1972
       -464        1973
       2072        1974
       -838        1975
      14188        1976
      -4801        1977
      -4067        1978
       1103        1979
      -2086        1980
        425        1981
      -1564        1982
        212        1983
      -1364        1984
        355        1985
      -1313        1986
          0        1987
      -1367        1988
        -94        1989
      -1566        1990
       -213        1991
      -2088        1992
       -425        1993
      -4068        1994
      -1103        1995
      14186        1996
       4799        1997
       2070        1998
        837        1999
        991        2000
        464        2001
        601        2002
        316        2003
        405        2004
        232        2005
        290        2006
        176        2007
        218        2008
        135        2009
        171        2010
        101        2011
        140        2012
         71        2013
        120        2014
         46        2015
        108        2016
         23        2017
        105        2018
          0        2019
        109        2020
        -24        2021
        120        2022
        -47        2023
        140        2024
        -73        2025
        172        2026
       -101        2027
        220        2028
       -135        2029
        292        2030
       -177        2031
        405        2032
       -232        2033
        601        2034
       -316        2035
        993        2036
       -464        2037
       2072        2038
       -838        2039
      14188        2040
      -4801        2041
      -4067        2042
       1103        2043
      -2086        2044
        425        2045
      -1564        2046
        212        2047
