01111111
00000000
01100111
01001011
00100111
01111001
11011001
01111001
10011001
01001011
10000000
00000000
10011001
10110101
11011001
10000111
00100111
10000111
01100111
10110101
01111111
00000000
01100111
01001011
00100111
01111001
11011001
01111001
10011001
01001011
10000000
00000000
10011001
10110101
11011001
10000111
00100111
10000111
01100111
10110101
01111111
00000000
01100111
01001011
00100111
01111001
11011001
01111001
10011001
01001011
10000000
00000000
10011001
10110101
11011001
10000111
00100111
10000111
01100111
10110101
01111111
00000000
01100111
01001011
00100111
01111001
11011001
01111001
10011001
01001011
10000000
00000000
10011001
10110101
11011001
10000111
00100111
10000111
01100111
10110101
01111111
00000000
01100111
01001011
00100111
01111001
11011001
01111001
10011001
01001011
10000000
00000000
10011001
10110101
11011001
10000111
00100111
10000111
01100111
10110101
01111111
00000000
01100111
01001011
00100111
01111001
11011001
01111001
10011001
01001011
10000000
00000000
10011001
10110101
11011001
10000111
00100111
10000111
01100111
10110101
01111111
00000000
01100111
01001011
00100111
01111001
11011001
01111001
10011001
01001011
10000000
00000000
10011001
10110101
11011001
10000111
00100111
10000111
01100111
10110101
01111111
00000000
01100111
01001011
00100111
01111001
11011001
01111001
10011001
01001011
10000000
00000000
10011001
10110101
11011001
10000111
00100111
10000111
01100111
10110101
01111111
00000000
01100111
01001011
00100111
01111001
11011001
01111001
10011001
01001011
10000000
00000000
10011001
10110101
11011001
10000111
00100111
10000111
01100111
10110101
01111111
00000000
01100111
01001011
00100111
01111001
11011001
01111001
10011001
01001011
10000000
00000000
10011001
10110101
11011001
10000111
00100111
10000111
01100111
10110101
01111111
00000000
01100111
01001011
00100111
01111001
11011001
01111001
10011001
01001011
10000000
00000000
10011001
10110101
11011001
10000111
00100111
10000111
01100111
10110101
01111111
00000000
01100111
01001011
00100111
01111001
11011001
01111001
10011001
01001011
10000000
00000000
10011001
10110101
11011001
10000111
00100111
10000111
01100111
10110101
01111111
00000000
01100111
01001011
00100111
01111001
11011001
01111001
10011001
01001011
10000000
00000000
10011001
10110101
11011001
10000111
00100111
10000111
01100111
10110101
01111111
00000000
01100111
01001011
00100111
01111001
11011001
01111001
10011001
01001011
10000000
00000000
10011001
10110101
11011001
10000111
00100111
10000111
01100111
10110101
01111111
00000000
01100111
01001011
00100111
01111001
11011001
01111001
10011001
01001011
10000000
00000000
10011001
10110101
11011001
10000111
00100111
10000111
01100111
10110101
01111111
00000000
01100111
01001011
00100111
01111001
11011001
01111001
10011001
01001011
10000000
00000000
10011001
10110101
11011001
10000111
00100111
10000111
01100111
10110101
01111111
00000000
01100111
01001011
00100111
01111001
11011001
01111001
10011001
01001011
10000000
00000000
10011001
10110101
11011001
10000111
00100111
10000111
01100111
10110101
01111111
00000000
01100111
01001011
00100111
01111001
11011001
01111001
10011001
01001011
10000001
00000000
10011001
10110101
11011001
10000111
00100111
10000111
01100111
10110101
01111111
00000000
01100111
01001011
00100111
01111001
11011001
01111001
10011001
01001011
10000001
00000000
10011001
10110101
11011001
10000111
00100111
10000111
01100111
10110101
01111111
00000000
01100111
01001011
00100111
01111001
11011001
01111001
10011001
01001011
10000001
00000000
10011001
10110101
11011001
10000111
00100111
10000111
01100111
10110101
01111111
00000000
01100111
01001011
00100111
01111001
11011001
01111001
10011001
01001011
10000001
00000000
10011001
10110101
11011001
10000111
00100111
10000111
01100111
10110101
01111111
00000000
01100111
01001011
00100111
01111001
11011001
01111001
10011001
01001011
10000001
00000000
10011001
10110101
11011001
10000111
00100111
10000111
01100111
10110101
01111111
00000000
01100111
01001011
00100111
01111001
11011001
01111001
10011001
01001011
10000001
00000000
10011001
10110101
11011001
10000111
00100111
10000111
01100111
10110101
01111111
00000000
01100111
01001011
00100111
01111001
11011001
01111001
10011001
01001011
10000001
00000000
10011001
10110101
11011001
10000111
00100111
10000111
01100111
10110101
01111111
00000000
01100111
01001011
00100111
01111001
11011001
01111001
10011001
01001011
10000001
00000000
10011001
10110101
11011001
10000111
00100111
10000111
01100111
10110101
01111111
00000000
01100111
01001011
00100111
01111001
11011001
01111001
10011001
01001011
10000001
00000000
