127
0
103
75
39
121
-39
121
-103
75
-128
0
-103
-75
-39
-121
39
-121
103
-75
127
0
103
75
39
121
-39
121
-103
75
-128
0
-103
-75
-39
-121
39
-121
103
-75
127
0
103
75
39
121
-39
121
-103
75
-128
0
-103
-75
-39
-121
39
-121
103
-75
127
0
103
75
39
121
-39
121
-103
75
-128
0
-103
-75
-39
-121
39
-121
103
-75
127
0
103
75
39
121
-39
121
-103
75
-128
0
-103
-75
-39
-121
39
-121
103
-75
127
0
103
75
39
121
-39
121
-103
75
-128
0
-103
-75
-39
-121
39
-121
103
-75
127
0
103
75
39
121
-39
121
-103
75
-128
0
-103
-75
-39
-121
39
-121
103
-75
127
0
103
75
39
121
-39
121
-103
75
-128
0
-103
-75
-39
-121
39
-121
103
-75
127
0
103
75
39
121
-39
121
-103
75
-128
0
-103
-75
-39
-121
39
-121
103
-75
127
0
103
75
39
121
-39
121
-103
75
-128
0
-103
-75
-39
-121
39
-121
103
-75
127
0
103
75
39
121
-39
121
-103
75
-128
0
-103
-75
-39
-121
39
-121
103
-75
127
0
103
75
39
121
-39
121
-103
75
-128
0
-103
-75
-39
-121
39
-121
103
-75
127
0
103
75
39
121
-39
121
-103
75
-128
0
-103
-75
-39
-121
39
-121
103
-75
127
0
103
75
39
121
-39
121
-103
75
-128
0
-103
-75
-39
-121
39
-121
103
-75
127
0
103
75
39
121
-39
121
-103
75
-128
0
-103
-75
-39
-121
39
-121
103
-75
127
0
103
75
39
121
-39
121
-103
75
-128
0
-103
-75
-39
-121
39
-121
103
-75
127
0
103
75
39
121
-39
121
-103
75
-128
0
-103
-75
-39
-121
39
-121
103
-75
127
0
103
75
39
121
-39
121
-103
75
-127
0
-103
-75
-39
-121
39
-121
103
-75
127
0
103
75
39
121
-39
121
-103
75
-127
0
-103
-75
-39
-121
39
-121
103
-75
127
0
103
75
39
121
-39
121
-103
75
-127
0
-103
-75
-39
-121
39
-121
103
-75
127
0
103
75
39
121
-39
121
-103
75
-127
0
-103
-75
-39
-121
39
-121
103
-75
127
0
103
75
39
121
-39
121
-103
75
-127
0
-103
-75
-39
-121
39
-121
103
-75
127
0
103
75
39
121
-39
121
-103
75
-127
0
-103
-75
-39
-121
39
-121
103
-75
127
0
103
75
39
121
-39
121
-103
75
-127
0
-103
-75
-39
-121
39
-121
103
-75
127
0
103
75
39
121
-39
121
-103
75
-127
0
-103
-75
-39
-121
39
-121
103
-75
127
0
103
75
39
121
-39
121
-103
75
-127
0
