01111111
00000000
11011001
01111001
10011001
10110101
01100111
10110101
00100111
01111001
10000000
00000000
00100111
10000111
01100111
01001011
10011001
01001011
11011001
10000111
01111111
00000000
11011001
01111001
10011001
10110101
01100111
10110101
00100111
01111001
10000000
00000000
00100111
10000111
01100111
01001011
10011001
01001011
11011001
10000111
01111111
00000000
11011001
01111001
10011001
10110101
01100111
10110101
00100111
01111001
10000000
00000000
00100111
10000111
01100111
01001011
10011001
01001011
11011001
10000111
01111111
00000000
11011001
01111001
10011001
10110101
01100111
10110101
00100111
01111001
10000000
00000000
00100111
10000111
01100111
01001011
10011001
01001011
11011001
10000111
01111111
00000000
11011001
01111001
10011001
10110101
01100111
10110101
00100111
01111001
10000000
00000000
00100111
10000111
01100111
01001011
10011001
01001011
11011001
10000111
01111111
00000000
11011001
01111001
10011001
10110101
01100111
10110101
00100111
01111001
10000000
00000000
00100111
10000111
01100111
01001011
10011001
01001011
11011001
10000111
01111111
00000000
11011001
01111001
10011001
10110101
01100111
10110101
00100111
01111001
10000001
00000000
00100111
10000111
01100111
01001011
10011001
01001011
11011001
10000111
01111111
00000000
11011001
01111001
10011001
10110101
01100111
10110101
00100111
01111001
10000001
00000000
00100111
10000111
01100111
01001011
10011001
01001011
11011001
10000111
01111111
00000000
11011001
01111001
10011001
10110101
01100111
10110101
00100111
01111001
10000001
00000000
00100111
10000111
01100111
01001011
10011001
01001011
11011001
10000111
01111111
00000000
11011001
01111001
10011001
10110101
01100111
10110101
00100111
01111001
10000001
00000000
00100111
10000111
01100111
01001011
10011001
01001011
11011001
10000111
01111111
00000000
11011001
01111001
10011001
10110101
01100111
10110101
00100111
01111001
10000001
00000000
00100111
10000111
01100111
01001011
10011001
01001011
11011001
10000111
01111111
00000000
11011001
01111001
10011001
10110101
01100111
10110101
00100111
01111001
10000001
00000000
00100111
10000111
01100111
01001011
10011001
01001011
11011001
10000111
01111111
00000000
11011001
01111001
10011001
10110101
01100111
10110101
00100111
01111001
10000001
00000000
00100111
10000111
01100111
01001011
10011001
01001011
11011001
10000111
01111111
00000000
11011001
01111001
10011001
10110101
01100111
10110101
00100111
01111001
10000001
00000000
00100111
10000111
01100111
01001011
10011001
01001011
11011001
10000111
01111111
00000000
11011001
01111001
10011001
10110101
01100111
10110101
00100111
01111001
10000001
00000000
00100111
10000111
01100111
01001011
10011001
01001011
11011001
10000111
01111111
00000000
11011001
01111001
10011001
10110101
01100111
10110101
00100111
01111001
10000001
00000000
00100111
10000111
01100111
01001011
10011001
01001011
11011001
10000111
01111111
00000000
11011001
01111001
10011001
10110101
01100111
10110101
00100111
01111001
10000001
00000000
00100111
10000111
01100111
01001011
10011001
01001011
11011001
10000111
01111111
00000000
11011001
01111001
10011001
10110101
01100111
10110101
00100111
01111001
10000001
00000000
00100111
10000111
01100111
01001011
10011001
01001011
11011001
10000111
01111111
00000000
11011001
01111001
10011001
10110101
01100111
10110101
00100111
01111001
10000001
00000000
00100111
10000111
01100111
01001011
10011001
01001011
11011001
10000111
01111111
00000000
11011001
01111001
10011001
10110101
01100111
10110101
00100111
01111001
10000001
00000000
00100111
10000111
01100111
01001011
10011001
01001011
11011001
10000111
01111111
00000000
11011001
01111001
10011001
10110101
01100111
10110101
00100111
01111001
10000001
00000000
00100111
10000111
01100111
01001011
10011001
01001011
11011001
10000111
01111111
00000000
11011001
01111001
10011001
10110101
01100111
10110101
00100111
01111001
10000001
00000000
00100111
10000111
01100111
01001011
10011001
01001011
11011001
10000111
01111111
00000000
11011001
01111001
10011001
10110101
01100111
10110101
00100111
01111001
10000001
00000000
00100111
10000111
01100111
01001011
10011001
01001011
11011001
10000111
01111111
00000000
11011001
01111001
10011001
10110101
01100111
10110101
00100111
01111001
10000001
00000000
00100111
10000111
01100111
01001011
10011001
01001011
11011001
10000111
01111111
00000000
11011001
01111001
10011001
10110101
01100111
10110101
00100111
01111001
10000001
00000000
00100111
10000111
01100111
01001011
10011001
01001011
11011001
10000111
01111111
00000000
11011001
01111001
10011001
10110101
01100111
10110101
00100111
01111001
10000001
00000000
